Date,Borough,Swimming_Pool,Program_Type,Male_Registration,Female_Registration,Total_Registration,Male_Attendance,Female_Attendance,Total_Attendance
08/31/18,Bronx,Crotona,Night_Owl,0,0,0,3,3,6
08/30/18,Bronx,Crotona,Night_Owl,0,0,0,2,3,5
08/29/18,Bronx,Crotona,Night_Owl,0,3,3,2,5,7
08/28/18,Bronx,Crotona,Night_Owl,0,0,0,2,0,2
08/27/18,Bronx,Crotona,Night_Owl,0,0,0,5,3,8
08/31/18,Bronx,Van Cortlandt,Night_Owl,0,0,0,2,8,10
08/30/18,Bronx,Van Cortlandt,Night_Owl,0,0,0,7,7,14
08/29/18,Bronx,Van Cortlandt,Night_Owl,0,0,0,5,9,14
08/28/18,Bronx,Van Cortlandt,Night_Owl,1,0,1,5,3,8
08/27/18,Bronx,Van Cortlandt,Night_Owl,2,2,4,9,12,21
08/31/18,Brooklyn,McCarren,Night_Owl,1,4,5,19,15,34
08/30/18,Brooklyn,McCarren,Night_Owl,4,7,11,36,45,81
08/29/18,Brooklyn,McCarren,Night_Owl,6,8,14,41,46,87
08/28/18,Brooklyn,McCarren,Night_Owl,9,7,16,52,42,94
08/27/18,Brooklyn,McCarren,Night_Owl,10,9,19,46,55,101
08/31/18,Brooklyn,Sunset,Night_Owl,0,0,0,6,8,14
08/30/18,Brooklyn,Sunset,Night_Owl,0,0,0,25,23,48
08/29/18,Brooklyn,Sunset,Night_Owl,3,0,3,21,16,37
08/28/18,Brooklyn,Sunset,Night_Owl,0,2,2,13,18,31
08/27/18,Brooklyn,Sunset,Night_Owl,2,1,3,18,15,33
08/31/18,Brooklyn,Red Hook,Night_Owl,0,0,0,7,2,9
08/30/18,Brooklyn,Red Hook,Night_Owl,4,2,6,11,18,29
08/29/18,Brooklyn,Red Hook,Night_Owl,4,3,7,19,16,35
08/28/18,Brooklyn,Red Hook,Night_Owl,5,7,12,19,21,40
08/27/18,Brooklyn,Red Hook,Night_Owl,3,6,9,19,14,33
08/31/18,Staten Island,Lyons,Night_Owl,0,0,0,1,0,1
08/30/18,Staten Island,Lyons,Night_Owl,0,0,0,8,9,17
08/29/18,Staten Island,Lyons,Night_Owl,0,0,0,3,8,11
08/28/18,Staten Island,Lyons,Night_Owl,0,0,0,4,5,9
08/27/18,Staten Island,Lyons,Night_Owl,0,1,1,7,11,18
08/31/18,Queens,Astoria,Night_Owl,0,0,0,32,30,62
08/30/18,Queens,Astoria,Night_Owl,1,2,3,25,29,54
08/29/18,Queens,Astoria,Night_Owl,8,14,22,36,41,77
08/28/18,Queens,Crotona,Night_Owl,5,5,10,37,45,82
08/27/18,Queens,Astoria,Night_Owl,2,10,12,30,39,69
08/31/18,Manhattan,Marcus_Garvey,Night_Owl,0,0,0,0,0,0
08/30/18,Manhattan,Marcus_Garvey,Night_Owl,0,0,0,9,6,15
08/29/18,Manhattan,Marcus_Garvey,Night_Owl,0,0,0,0,0,0
08/28/18,Manhattan,Marcus_Garvey,Night_Owl,1,1,2,8,14,22
08/27/18,Manhattan,Marcus_Garvey,Night_Owl,0,3,3,9,12,21
08/31/18,Manhattan,Lasker,Night_Owl,0,0,0,13,11,24
08/30/18,Manhattan,Lasker,Night_Owl,3,3,6,23,36,59
08/29/18,Manhattan,Lasker,Night_Owl,2,9,11,24,49,73
08/28/18,Manhattan,Lasker,Night_Owl,9,8,17,29,47,76
08/27/18,Manhattan,Lasker,Night_Owl,16,17,33,36,41,77
08/31/18,Manhattan,John_Jay,Night_Owl,0,0,0,19,20,39
08/30/18,Manhattan,John_Jay,Night_Owl,3,4,7,17,32,49
08/29/18,Manhattan,John_Jay,Night_Owl,0,0,0,31,25,56
08/28/18,Manhattan,John_Jay,Night_Owl,0,0,0,30,30,60
08/31/18,Manhattan,Hamilton_Fish,Night_Owl,0,0,0,13,7,20
08/30/18,Manhattan,Hamilton_Fish,Night_Owl,1,2,3,29,19,48
08/29/18,Manhattan,Hamilton_Fish,Night_Owl,0,0,0,32,29,61
08/28/18,Manhattan,Hamilton_Fish,Night_Owl,0,0,0,30,30,60
08/30/18,Manhattan,Tony Dapolito,Night_Owl,0,0,0,7,9,16
08/29/18,Manhattan,Tony Dapolito,Night_Owl,0,0,0,0,0,0
08/28/18,Manhattan,Tony Dapolito,Night_Owl,1,8,9,9,22,31
08/27/18,Manhattan,John_Jay,Night_Owl,0,0,0,34,29,63
08/27/18,Manhattan,Hamilton_Fish,Night_Owl,0,0,0,40,23,63
08/31/18,Manhattan,Tony Dapolito,Night_Owl,0,0,0,6,5,11
08/27/18,Manhattan,Tony Dapolito,Night_Owl,2,4,6,12,12,24
08/31/18,Manhattan,Asser Levy,Night_Owl,0,0,0,6,5,11
08/30/18,Manhattan,Asser Levy,Night_Owl,0,0,0,11,12,23
08/29/18,Manhattan,Asser Levy,Night_Owl,0,4,4,13,21,34
08/28/18,Manhattan,Asser Levy,Night_Owl,0,4,4,11,14,25
08/27/18,Manhattan,Asser Levy,Night_Owl,4,3,7,15,17,32
08/24/18,Bronx,Crotona,Night_Owl,0,0,0,3,2,5
08/23/18,Bronx,Crotona,Night_Owl,0,0,0,2,1,3
08/22/18,Bronx,Crotona,Night_Owl,0,0,0,4,2,6
08/21/18,Bronx,Crotona,Night_Owl,0,0,0,3,1,4
08/20/18,Bronx,Crotona,Night_Owl,0,0,0,3,2,5
08/24/18,Bronx,Van Cortlandt,Night_Owl,0,0,0,6,9,15
08/23/18,Bronx,Van Cortlandt,Night_Owl,2,1,3,2,3,5
08/22/18,Bronx,Van Cortlandt,Night_Owl,4,0,4,8,11,19
08/21/18,Bronx,Van Cortlandt,Night_Owl,0,0,0,2,8,10
08/20/18,Bronx,Van Cortlandt,Night_Owl,4,0,4,10,15,25
08/24/18,Brooklyn,McCarren,Night_Owl,1,5,6,35,26,61
08/23/18,Brooklyn,McCarren,Night_Owl,9,6,15,32,39,71
08/22/18,Brooklyn,McCarren,Night_Owl,4,7,11,37,49,86
08/21/18,Brooklyn,McCarren,Night_Owl,3,4,7,28,33,61
08/20/18,Brooklyn,McCarren,Night_Owl,11,12,23,36,28,64
08/24/18,Brooklyn,Sunset,Night_Owl,0,0,0,19,13,32
08/23/18,Brooklyn,Sunset,Night_Owl,0,1,1,9,14,23
08/22/18,Brooklyn,Sunset,Night_Owl,1,2,3,13,15,28
08/21/18,Brooklyn,Sunset,Night_Owl,1,1,2,19,12,31
08/20/18,Brooklyn,Sunset,Night_Owl,0,4,4,12,19,31
08/24/18,Brooklyn,Red Hook,Night_Owl,0,1,1,13,9,22
08/23/28,Brooklyn,Red Hook,Night_Owl,4,2,6,16,10,26
08/22/18,Brooklyn,Red Hook,Night_Owl,1,2,3,13,15,28
08/21/18,Brooklyn,Red Hook,Night_Owl,4,2,6,15,8,23
08/20/18,Brooklyn,Red Hook,Night_Owl,1,1,2,10,6,16
08/24/18,Staten Island,Lyons,Night_Owl,1,2,3,6,6,12
08/23/18,Staten Island,Lyons,Night_Owl,0,1,1,4,5,9
08/22/18,Staten Island,Lyons,Night_Owl,0,0,0,4,10,14
08/21/18,Staten Island,Lyons,Night_Owl,0,0,0,4,1,5
08/20/18,Staten Island,Lyons,Night_Owl,0,0,0,3,4,7
08/24/18,Queens,Astoria,Night_Owl,2,2,4,19,22,41
08/23/18,Queens,Astoria,Night_Owl,1,1,2,16,19,35
08/21/18,Queens,Astoria,Night_Owl,4,5,9,32,24,56
08/20/18,Queens,Astoria,Night_Owl,4,2,6,32,18,50
08/24/18,Manhattan,Marcus_Garvey,Night_Owl,0,0,0,6,6,12
08/23/18,Manhattan,Marcus_Garvey,Night_Owl,0,0,0,8,6,14
08/22/18,Manhattan,Marcus_Garvey,Night_Owl,0,0,0,7,10,17
08/21/18,Manhattan,Marcus_Garvey,Night_Owl,0,0,0,6,8,14
08/20/18,Manhattan,Marcus_Garvey,Night_Owl,2,1,3,6,3,9
08/24/18,Manhattan,Lasker,Night_Owl,5,3,8,16,26,42
08/23/18,Manhattan,Lasker,Night_Owl,1,2,3,10,24,34
08/22/18,Manhattan,Lasker,Night_Owl,3,4,7,22,25,47
08/21/18,Manhattan,Lasker,Night_Owl,5,2,7,20,20,40
08/20/18,Manhattan,Lasker,Night_Owl,2,3,5,16,22,38
08/24/18,Manhattan,John_Jay,Night_Owl,1,1,2,14,19,33
08/23/18,Manhattan,John_Jay,Night_Owl,0,0,0,12,12,24
08/22/18,Manhattan,John_Jay,Night_Owl,7,10,17,25,29,54
08/21/18,Manhattan,John_Jay,Night_Owl,9,3,12,18,18,36
08/20/18,Manhattan,John_Jay,Night_Owl,3,8,11,19,20,39
08/24/18,Manhattan,Hamilton_Fish,Night_Owl,0,0,0,23,20,43
08/23/18,Manhattan,Hamilton_Fish,Night_Owl,5,4,9,19,26,45
08/22/18,Manhattan,Hamilton_Fish,Night_Owl,1,2,3,45,25,70
08/21/18,Manhattan,Hamilton_Fish,Night_Owl,1,1,2,28,22,50
08/20/18,Manhattan,Hamilton_Fish,Night_Owl,0,0,0,28,23,51
08/24/18,Manhattan,Tony Dapolito,Night_Owl,1,0,1,9,7,16
08/23/18,Manhattan,Tony Dapolito,Night_Owl,0,0,0,8,8,16
08/22/18,Manhattan,Tony Dapolito,Night_Owl,2,1,3,7,9,16
08/21/18,Manhattan,Tony Dapolito,Night_Owl,0,0,0,5,4,9
08/20/18,Manhattan,Tony Dapolito,Night_Owl,0,2,2,9,7,16
08/24/18,Manhattan,Asser Levy,Night_Owl,1,3,4,7,4,11
08/23/18,Manhattan,Asser Levy,Night_Owl,1,1,2,10,8,18
08/22/18,Manhattan,Asser Levy,Night_Owl,1,2,3,11,16,27
08/21/18,Manhattan,Asser Levy,Night_Owl,1,0,1,9,11,20
08/20/18,Manhattan,Asser Levy,Night_Owl,1,1,2,8,10,18
08/17/18,Bronx,Crotona,Night_Owl,0,0,0,0,0,0
08/16/18,Bronx,Crotona,Night_Owl,0,0,0,3,2,5
08/15/18,Bronx,Crotona,Night_Owl,0,0,0,3,4,7
08/14/18,Bronx,Crotona,Night_Owl,0,0,0,3,3,6
08/13/18,Bronx,Crotona,Night_Owl,1,0,1,1,0,1
08/17/18,Bronx,Van Cortlandt,Night_Owl,0,0,0,0,0,0
08/16/18,Bronx,Van Cortlandt,Night_Owl,0,0,0,4,15,19
08/15/18,Brooklyn,Van Cortlandt,Night_Owl,1,1,2,4,13,17
08/14/18,Bronx,Van Cortlandt,Night_Owl,4,1,5,8,5,13
08/13/18,Bronx,Van Cortlandt,Night_Owl,0,0,0,2,9,11
08/17/18,Brooklyn,McCarren,Night_Owl,2,2,4,0,0,0
08/16/18,Brooklyn,McCarren,Night_Owl,3,9,12,40,50,90
08/15/18,Brooklyn,McCarren,Night_Owl,8,10,18,51,64,115
08/14/18,Brooklyn,McCarren,Night_Owl,3,1,4,39,16,55
08/13/18,Brooklyn,McCarren,Night_Owl,6,0,6,38,22,60
08/17/18,Brooklyn,Sunset,Night_Owl,1,2,3,18,14,32
08/16/18,Brooklyn,Sunset,Night_Owl,3,1,4,20,22,42
08/15/18,Brooklyn,Sunset,Night_Owl,2,4,6,17,21,38
08/14/18,Brooklyn,Sunset,Night_Owl,1,1,2,10,9,19
08/13/18,Brooklyn,Sunset,Night_Owl,0,0,0,0,0,0
08/17/18,Brooklyn,Red Hook,Night_Owl,2,4,6,12,9,21
08/16/18,Brooklyn,Red Hook,Night_Owl,4,4,8,16,15,31
08/15/18,Brooklyn,Red Hook,Night_Owl,5,2,7,22,14,36
08/14/18,Brooklyn,Red Hook,Night_Owl,3,3,6,13,11,24
08/13/18,Brooklyn,Red Hook,Night_Owl,4,1,5,14,5,19
08/17/18,Staten Island,Lyons,Night_Owl,1,1,2,10,16,26
08/16/18,Staten Island,Lyons,Night_Owl,0,1,1,8,14,22
08/15/18,Staten Island,Lyons,Night_Owl,0,2,2,5,12,17
08/14/18,Staten Island,Lyons,Night_Owl,0,0,0,4,4,8
08/13/18,Staten Island,Lyons,Night_Owl,0,0,0,5,4,9
08/17/18,Queens,Astoria,Night_Owl,1,1,2,12,13,25
08/16/18,Queens,Astoria,Night_Owl,5,6,11,29,36,65
08/15/18,Queens,Astoria,Night_Owl,5,6,11,34,42,76
08/14/18,Queens,Astoria,Night_Owl,1,4,5,22,22,44
08/13/18,Queens,Astoria,Night_Owl,2,2,4,30,19,49
08/17/18,Manhattan,Marcus_Garvey,Night_Owl,0,0,0,0,0,0
08/16/18,Manhattan,Marcus_Garvey,Night_Owl,0,1,1,10,13,23
08/15/18,Manhattan,Marcus_Garvey,Night_Owl,0,2,2,4,9,13
08/14/18,Manhattan,Marcus_Garvey,Night_Owl,0,0,0,5,7,12
08/13/18,Manhattan,Marcus_Garvey,Night_Owl,0,0,0,4,6,10
08/17/18,Manhattan,Lasker,Night_Owl,1,2,3,13,17,30
08/16/18,Manhattan,Lasker,Night_Owl,4,9,13,39,25,64
08/15/18,Manhattan,Lasker,Night_Owl,5,6,11,28,40,68
08/14/18,Manhattan,Lasker,Night_Owl,0,2,2,16,24,40
08/13/18,Manhattan,Lasker,Night_Owl,1,2,3,17,15,32
08/17/18,Manhattan,John_Jay,Night_Owl,3,4,7,13,18,31
08/16/18,Manhattan,John_Jay,Night_Owl,7,4,11,33,32,65
08/15/18,Manhattan,John_Jay,Night_Owl,5,11,16,28,35,63
08/14/18,Manhattan,John_Jay,Night_Owl,0,3,3,17,20,37
08/13/18,Manhattan,John_Jay,Night_Owl,4,8,12,24,17,41
08/17/18,Manhattan,Hamilton_Fish,Night_Owl,0,2,2,31,11,42
08/16/18,Manhattan,Hamilton_Fish,Night_Owl,1,4,5,33,34,67
08/15/18,Manhattan,Hamilton_Fish,Night_Owl,5,9,14,41,47,88
08/14/18,Manhattan,Hamilton_Fish,Night_Owl,0,1,1,21,16,37
08/13/18,Manhattan,Hamilton_Fish,Night_Owl,3,1,4,31,20,51
08/17/18,Manhattan,Tony Dapolito,Night_Owl,3,2,5,8,12,20
08/16/18,Manhattan,Tony Dapolito,Night_Owl,1,1,2,17,14,31
08/15/18,Manhattan,Tony Dapolito,Night_Owl,1,0,1,10,12,22
08/14/18,Manhattan,Tony Dapolito,Night_Owl,2,0,2,9,8,17
08/13/18,Manhattan,Tony Dapolito,Night_Owl,0,0,0,5,5,10
08/17/18,Manhattan,Asser Levy,Night_Owl,0,2,2,5,10,15
08/16/18,Manhattan,Asser Levy,Night_Owl,3,2,5,10,11,21
08/15/18,Manhattan,Asser Levy,Night_Owl,2,5,7,13,22,35
08/14/18,Manhattan,Asser Levy,Night_Owl,3,1,4,8,6,14
08/13/18,Manhattan,Asser Levy,Night_Owl,1,0,1,9,11,20
08/10/18,Bronx,Crotona,Night_Owl,0,0,0,5,3,8
08/09/18,Bronx,Crotona,Night_Owl,1,3,4,6,7,13
08/08/18,Bronx,Crotona,Night_Owl,0,1,1,5,4,9
08/07/18,Bronx,Crotona,Night_Owl,0,0,0,0,0,0
08/06/18,Bronx,Crotona,Night_Owl,0,0,0,0,0,0
08/10/18,Bronx,Van Cortlandt,Night_Owl,2,2,4,11,2,13
08/09/18,Bronx,Van Cortlandt,Night_Owl,4,6,10,8,18,26
08/08/18,Bronx,Van Cortlandt,Night_Owl,4,3,7,10,16,26
08/07/18,Bronx,Van Cortlandt,Night_Owl,0,1,1,0,0,0
08/06/18,Bronx,Van Cortlandt,Night_Owl,0,2,2,4,9,13
08/10/18,Brooklyn,McCarren,Night_Owl,5,11,16,37,42,79
08/09/18,Brooklyn,McCarren,Night_Owl,10,9,19,53,50,103
08/08/18,Brooklyn,McCarren,Night_Owl,8,19,27,50,50,100
08/07/18,Brooklyn,McCarren,Night_Owl,0,0,0,0,0,0
08/06/18,Brooklyn,McCarren,Night_Owl,3,2,5,0,0,0
08/10/18,Brooklyn,Sunset,Night_Owl,2,1,3,21,13,34
08/09/18,Brooklyn,Sunset,Night_Owl,2,7,9,22,27,49
08/08/18,Brooklyn,Sunset,Night_Owl,0,1,1,1,1,2
08/07/18,Brooklyn,Sunset,Night_Owl,0,0,0,0,0,0
08/06/18,Brooklyn,Sunset,Night_Owl,0,0,0,0,0,0
08/10/18,Brooklyn,Red Hook,Night_Owl,2,2,4,15,10,25
08/08/18,Brooklyn,Red Hook,Night_Owl,2,9,11,16,24,40
08/07/18,Brooklyn,Red Hook,Night_Owl,0,0,0,0,0,0
08/06/18,Brooklyn,Red Hook,Night_Owl,3,2,5,0,0,0
08/06/18,Brooklyn,Red Hook,Night_Owl,3,2,5,0,0,0
08/10/18,Staten Island,Lyons,Night_Owl,1,1,2,6,5,11
08/09/18,Staten Island,Lyons,Night_Owl,1,4,5,10,17,27
08/10/18,Queens,Astoria,Night_Owl,4,6,10,29,34,63
08/09/18,Queens,Astoria,Night_Owl,10,14,24,47,41,88
08/10/18,Manhattan,Marcus_Garvey,Night_Owl,0,1,1,3,6,9
08/09/18,Manhattan,Marcus_Garvey,Night_Owl,2,3,5,10,14,24
08/10/18,Manhattan,Lasker,Night_Owl,6,7,13,22,31,53
08/09/18,Manhattan,Lasker,Night_Owl,6,5,11,28,32,60
08/08/18,Staten Island,Lyons,Night_Owl,0,1,1,5,4,9
08/08/18,Queens,Astoria,Night_Owl,12,19,31,49,44,93
08/08/18,Manhattan,Marcus_Garvey,Night_Owl,6,5,11,15,14,29
08/08/18,Manhattan,Lasker,Night_Owl,8,12,20,30,38,68
08/07/18,Staten Island,Lyons,Night_Owl,0,0,0,0,0,0
09/06/18,Staten Island,Lyons,Night_Owl,0,0,0,0,0,0
08/07/18,Queens,Astoria,Night_Owl,0,0,0,0,0,0
08/07/18,Manhattan,Marcus_Garvey,Night_Owl,0,0,0,0,0,0
08/07/18,Manhattan,Lasker,Night_Owl,1,1,2,3,4,7
08/10/18,Manhattan,John_Jay,Night_Owl,6,12,18,13,25,38
08/10/18,Manhattan,Hamilton_Fish,Night_Owl,2,6,8,38,31,69
08/10/18,Manhattan,Tony Dapolito,Night_Owl,3,1,4,9,12,21
08/10/18,Manhattan,Asser Levy,Night_Owl,0,0,0,0,0,0
08/09/18,Manhattan,John_Jay,Night_Owl,6,13,19,23,30,53
08/09/18,Manhattan,Hamilton_Fish,Night_Owl,11,14,25,48,65,113
08/09/18,Manhattan,Tony Dapolito,Night_Owl,2,3,5,12,16,28
08/09/18,Manhattan,Asser Levy,Night_Owl,3,4,7,13,15,28
08/08/18,Manhattan,John_Jay,Night_Owl,8,12,20,32,30,62
08/08/18,Manhattan,Hamilton_Fish,Night_Owl,7,6,13,40,34,74
08/08/18,Manhattan,Tony Dapolito,Night_Owl,2,6,8,10,16,26
08/08/18,Manhattan,Asser Levy,Night_Owl,1,2,3,7,17,24
08/07/18,Manhattan,John_Jay,Night_Owl,0,0,0,0,0,0
08/07/18,Manhattan,Hamilton_Fish,Night_Owl,0,0,0,0,0,0
08/07/18,Manhattan,Tony Dapolito,Night_Owl,0,0,0,0,0,0
08/07/18,Manhattan,Asser Levy,Night_Owl,0,0,0,0,0,0
08/06/18,Bronx,Crotona,Night_Owl,0,0,0,0,0,0
08/06/18,Bronx,Van Cortlandt,Night_Owl,0,2,2,4,9,13
08/06/18,Brooklyn,McCarren,Night_Owl,3,2,5,0,0,0
08/06/18,Brooklyn,Sunset,Night_Owl,0,0,0,0,0,0
08/06/18,Brooklyn,Red Hook,Night_Owl,3,2,5,0,0,0
08/06/18,Staten Island,Lyons,Night_Owl,0,0,0,0,0,0
08/06/18,Queens,Astoria,Night_Owl,1,0,1,0,0,0
08/06/18,Manhattan,Marcus_Garvey,Night_Owl,0,0,0,0,0,0
08/06/18,Manhattan,Lasker,Night_Owl,2,3,5,10,15,25
08/06/18,Manhattan,John_Jay,Night_Owl,0,0,0,0,0,0
08/06/18,Manhattan,Hamilton_Fish,Night_Owl,0,0,0,0,0,0
08/06/18,Manhattan,Tony Dapolito,Night_Owl,0,0,0,0,0,0
08/06/18,Manhattan,Asser Levy,Night_Owl,0,0,0,0,0,0
08/03/18,Manhattan,Lasker,Night_Owl,2,9,11,20,29,49
08/29/18,Bronx,Crotona,Early_Bird,0,0,0,2,2,4
08/28/18,Bronx,Crotona,Early_Bird,0,0,0,2,2,4
08/27/18,Bronx,Crotona,Early_Bird,1,0,1,2,2,4
08/29/18,Bronx,Van Cortlandt,Early_Bird,1,1,2,16,15,31
08/28/18,Bronx,Van Cortlandt,Early_Bird,0,1,1,12,13,25
08/27/18,Bronx,Van Cortlandt,Early_Bird,0,0,0,15,12,27
08/29/18,Brooklyn,McCarren,Early_Bird,3,9,12,61,69,130
08/28/18,Brooklyn,McCarren,Early_Bird,2,4,6,74,89,163
08/27/18,Brooklyn,McCarren,Early_Bird,5,2,7,56,45,101
08/29/18,Manhattan,Sunset,Early_Bird,0,1,1,37,58,95
08/28/18,Brooklyn,Sunset,Early_Bird,2,1,3,22,31,53
08/27/18,Brooklyn,Sunset,Early_Bird,1,3,4,22,32,54
08/29/18,Brooklyn,Red Hook,Early_Bird,3,3,6,24,36,60
08/28/18,Brooklyn,Red Hook,Early_Bird,2,3,5,24,34,58
08/27/18,Brooklyn,Red Hook,Early_Bird,1,0,1,19,34,53
08/29/18,Staten Island,Lyons,Early_Bird,1,0,1,8,12,20
08/28/18,Staten Island,Astoria,Early_Bird,0,0,0,7,11,18
08/27/18,Staten Island,Lyons,Early_Bird,0,0,0,9,12,21
08/29/18,Queens,Astoria,Early_Bird,1,0,1,43,59,102
08/28/18,Queens,Astoria,Early_Bird,1,1,2,39,62,101
08/27/18,Queens,Astoria,Early_Bird,2,1,3,34,40,74
08/29/18,Manhattan,Jackie Robinson,Early_Bird,0,0,0,7,21,28
08/28/18,Manhattan,Jackie Robinson,Early_Bird,0,1,1,8,20,28
08/27/18,Manhattan,Jackie Robinson,Early_Bird,0,1,1,8,22,30
08/29/18,Manhattan,Thomas Jefferson,Early_Bird,0,0,0,3,15,18
08/28/18,Manhattan,Thomas Jefferson,Early_Bird,0,1,1,3,12,15
08/27/18,Manhattan,Thomas Jefferson,Early_Bird,0,0,0,5,17,22
08/29/18,Manhattan,Lasker,Early_Bird,3,8,11,31,58,89
08/28/18,Manhattan,Lasker,Early_Bird,5,5,10,27,43,70
08/27/18,Manhattan,Lasker,Early_Bird,2,1,3,27,33,60
08/29/18,Manhattan,John_Jay,Early_Bird,2,1,3,42,50,92
08/28/18,Manhattan,John_Jay,Early_Bird,1,1,2,34,44,78
08/27/18,Manhattan,John_Jay,Early_Bird,0,3,3,24,26,50
08/29/18,Manhattan,Hamilton_Fish,Early_Bird,3,2,5,55,66,121
08/28/18,Manhattan,Hamilton_Fish,Early_Bird,2,4,6,61,54,115
08/27/18,Manhattan,Hamilton_Fish,Early_Bird,0,1,1,47,42,89
08/29/18,Manhattan,Tony Dapolito,Early_Bird,0,0,0,10,14,24
08/28/18,Manhattan,Tony Dapolito,Early_Bird,0,0,0,13,14,27
08/27/18,Manhattan,Tony Dapolito,Early_Bird,0,0,0,10,12,22
08/29/18,Manhattan,Asser Levy,Early_Bird,0,0,0,18,31,49
08/28/18,Manhattan,Asser Levy,Early_Bird,0,0,0,19,23,42
08/27/18,Manhattan,Asser Levy,Early_Bird,3,0,3,16,28,44
08/24/18,Bronx,Crotona,Early_Bird,0,0,0,1,1,2
08/23/18,Bronx,Crotona,Early_Bird,0,0,0,2,2,4
08/22/18,Bronx,Crotona,Early_Bird,0,0,0,2,2,4
08/21/18,Bronx,Crotona,Early_Bird,0,0,0,2,2,4
08/20/18,Bronx,Crotona,Early_Bird,0,0,0,3,3,6
08/24/18,Bronx,Van Cortlandt,Early_Bird,1,0,1,10,11,21
08/23/18,Bronx,Crotona,Early_Bird,0,0,0,8,6,14
08/22/18,Bronx,Van Cortlandt,Early_Bird,0,0,0,14,7,21
08/21/18,Bronx,Van Cortlandt,Early_Bird,1,0,1,17,13,30
08/20/18,Bronx,Van Cortlandt,Early_Bird,0,1,1,12,11,23
08/24/18,Brooklyn,McCarren,Early_Bird,1,3,4,50,47,97
08/23/18,Brooklyn,McCarren,Early_Bird,0,4,4,49,42,91
08/22/18,Brooklyn,McCarren,Early_Bird,0,5,5,45,47,92
08/21/18,Brooklyn,McCarren,Early_Bird,3,3,6,53,59,112
08/20/18,Brooklyn,McCarren,Early_Bird,3,1,4,45,36,81
08/24/18,Brooklyn,Sunset,Early_Bird,1,1,2,16,26,42
08/23/18,Brooklyn,Sunset,Early_Bird,0,1,1,14,22,36
08/22/18,Brooklyn,Sunset,Early_Bird,1,0,1,19,18,37
08/21/18,Brooklyn,Sunset,Early_Bird,1,0,1,17,22,39
08/20/18,Brooklyn,Sunset,Early_Bird,1,3,4,16,22,38
08/24/18,Brooklyn,Red Hook,Early_Bird,1,0,1,23,29,52
08/23/18,Brooklyn,Red Hook,Early_Bird,1,0,1,26,13,39
08/22/18,Brooklyn,Red Hook,Early_Bird,0,0,0,15,19,34
08/21/18,Brooklyn,Red Hook,Early_Bird,1,0,1,25,13,38
08/20/18,Brooklyn,Red Hook,Early_Bird,4,3,7,19,22,41
08/24/18,Staten Island,Lyons,Early_Bird,0,0,0,5,0,5
08/23/18,Staten Island,Lyons,Early_Bird,0,0,0,4,10,14
08/22/18,Staten Island,Lyons,Early_Bird,0,1,1,5,9,14
08/21/18,Staten Island,Lyons,Early_Bird,1,0,1,6,11,17
08/20/18,Staten Island,Lyons,Early_Bird,1,0,1,9,11,20
08/24/18,Queens,Astoria,Early_Bird,3,1,4,37,46,83
08/23/18,Queens,Astoria,Early_Bird,0,2,2,37,27,64
08/22/18,Queens,Astoria,Early_Bird,0,2,2,37,39,76
08/21/18,Queens,Astoria,Early_Bird,1,1,2,31,35,66
08/20/18,Queens,Astoria,Early_Bird,0,0,0,33,50,83
08/24/18,Manhattan,Jackie Robinson,Early_Bird,0,0,0,5,17,22
08/23/18,Manhattan,Jackie Robinson,Early_Bird,0,0,0,1,15,16
08/22/18,Manhattan,Jackie Robinson,Early_Bird,1,0,1,7,18,25
08/21/18,Manhattan,Jackie Robinson,Early_Bird,0,0,0,5,15,20
08/20/18,Manhattan,Jackie Robinson,Early_Bird,1,3,4,3,23,26
08/24/18,Manhattan,Thomas Jefferson,Early_Bird,0,0,0,3,10,13
08/23/18,Manhattan,Thomas Jefferson,Early_Bird,1,0,1,3,7,10
08/22/18,Manhattan,Thomas Jefferson,Early_Bird,1,0,1,4,7,11
08/21/18,Manhattan,Thomas Jefferson,Early_Bird,0,0,0,6,11,17
08/20/18,Manhattan,Thomas Jefferson,Early_Bird,1,0,1,5,8,13
08/24/18,Manhattan,Lasker,Early_Bird,5,1,6,27,36,63
08/23/18,Manhattan,Lasker,Early_Bird,1,1,2,24,27,51
08/22/18,Manhattan,Lasker,Early_Bird,3,2,5,30,34,64
08/21/18,Manhattan,Lasker,Early_Bird,5,3,8,31,35,66
08/20/18,Manhattan,Lasker,Early_Bird,0,1,1,24,22,46
08/23/18,Manhattan,John_Jay,Early_Bird,0,0,0,18,24,42
08/22/18,Manhattan,John_Jay,Early_Bird,5,2,7,31,30,61
08/21/18,Manhattan,John_Jay,Early_Bird,9,5,14,36,33,69
08/20/18,Manhattan,John_Jay,Early_Bird,2,5,7,21,26,47
08/24/18,Manhattan,Hamilton_Fish,Early_Bird,0,0,0,44,48,92
08/23/18,Manhattan,Hamilton_Fish,Early_Bird,0,0,0,27,25,52
08/22/18,Manhattan,Hamilton_Fish,Early_Bird,1,1,2,44,44,88
08/21/18,Manhattan,Hamilton_Fish,Early_Bird,2,3,5,39,43,82
08/20/18,Manhattan,Hamilton_Fish,Early_Bird,4,1,5,43,25,68
08/24/18,Manhattan,Tony Dapolito,Early_Bird,0,0,0,12,26,38
08/23/18,Manhattan,Tony Dapolito,Early_Bird,0,0,0,10,14,24
08/22/18,Manhattan,Tony Dapolito,Early_Bird,1,0,1,5,7,12
08/21/18,Manhattan,Tony Dapolito,Early_Bird,0,1,1,10,17,27
08/20/18,Manhattan,Tony Dapolito,Early_Bird,0,0,0,6,15,21
08/24/18,Manhattan,Asser Levy,Early_Bird,0,0,0,12,21,33
08/23/18,Manhattan,Asser Levy,Early_Bird,1,0,1,18,19,37
08/22/18,Manhattan,Asser Levy,Early_Bird,0,0,0,17,19,36
08/20/18,Manhattan,Asser Levy,Early_Bird,1,1,2,18,24,42
08/20/18,Manhattan,Asser Levy,Early_Bird,1,2,3,16,30,46
08/17/18,Bronx,Crotona,Early_Bird,0,0,0,6,5,11
08/16/18,Bronx,Crotona,Early_Bird,0,0,0,4,5,9
08/15/18,Bronx,Crotona,Early_Bird,0,0,0,3,3,6
08/14/18,Bronx,Crotona,Early_Bird,0,0,0,5,3,8
08/13/18,Bronx,Crotona,Early_Bird,1,0,1,4,0,4
08/17/18,Bronx,Van Cortlandt,Early_Bird,0,1,1,20,16,36
08/16/18,Bronx,Van Cortlandt,Early_Bird,0,0,0,15,13,28
08/15/18,Bronx,Van Cortlandt,Early_Bird,0,0,0,15,21,36
08/14/18,Bronx,Van Cortlandt,Early_Bird,4,0,4,14,13,27
08/13/18,Bronx,Van Cortlandt,Early_Bird,1,0,1,9,6,15
08/17/18,Brooklyn,McCarren,Early_Bird,5,5,10,70,63,133
08/16/18,Brooklyn,McCarren,Early_Bird,8,3,11,69,84,153
08/15/18,Brooklyn,McCarren,Early_Bird,4,11,15,56,71,127
08/14/18,Brooklyn,McCarren,Early_Bird,4,4,8,54,59,113
08/13/18,Brooklyn,McCarren,Early_Bird,1,4,5,37,43,80
08/17/18,Brooklyn,Sunset,Early_Bird,1,0,1,22,33,55
08/16/18,Brooklyn,Sunset,Early_Bird,2,2,4,22,28,50
08/15/18,Brooklyn,Sunset,Early_Bird,1,8,9,23,36,59
08/14/18,Brooklyn,Sunset,Early_Bird,0,1,1,23,23,46
08/13/18,Brooklyn,Sunset,Early_Bird,0,2,2,23,25,48
08/17/18,Brooklyn,Red Hook,Early_Bird,2,2,4,16,27,43
08/16/18,Brooklyn,Red Hook,Early_Bird,1,3,4,22,36,58
08/15/18,Brooklyn,Red Hook,Early_Bird,1,2,3,18,23,41
08/14/18,Brooklyn,Red Hook,Early_Bird,2,0,2,21,19,40
08/13/18,Brooklyn,Red Hook,Early_Bird,0,0,0,16,14,30
08/17/18,Staten Island,Lyons,Early_Bird,0,1,1,6,11,17
08/16/18,Staten Island,Lyons,Early_Bird,0,0,0,6,11,17
08/15/18,Staten Island,Lyons,Early_Bird,0,1,1,6,10,16
08/14/18,Staten Island,Lyons,Early_Bird,0,0,0,7,13,20
08/13/18,Staten Island,Lyons,Early_Bird,1,0,1,9,12,21
08/17/18,Queens,Astoria,Early_Bird,0,1,1,44,65,109
08/16/18,Queens,Astoria,Early_Bird,2,1,3,39,54,93
08/15/18,Queens,Astoria,Early_Bird,0,2,2,38,64,102
08/14/18,Queens,Astoria,Early_Bird,3,5,8,36,46,82
08/13/18,Queens,Astoria,Early_Bird,0,0,0,24,27,51
08/17/18,Manhattan,Jackie Robinson,Early_Bird,0,1,1,12,22,34
08/16/18,Manhattan,Jackie Robinson,Early_Bird,2,1,3,16,30,46
08/15/18,Manhattan,Jackie Robinson,Early_Bird,2,0,2,14,30,44
08/14/18,Manhattan,Jackie Robinson,Early_Bird,2,1,3,11,25,36
08/13/18,Manhattan,Jackie Robinson,Early_Bird,2,4,6,6,31,37
08/17/18,Manhattan,Thomas Jefferson,Early_Bird,1,1,2,5,13,18
08/16/18,Manhattan,Thomas Jefferson,Early_Bird,0,0,0,5,10,15
08/15/18,Manhattan,Thomas Jefferson,Early_Bird,0,0,0,6,11,17
08/14/18,Manhattan,Thomas Jefferson,Early_Bird,0,0,0,5,9,14
08/13/18,Manhattan,Thomas Jefferson,Early_Bird,1,1,2,3,12,15
08/17/18,Manhattan,Lasker,Early_Bird,1,6,7,38,47,85
08/16/18,Manhattan,Lasker,Early_Bird,1,0,1,25,38,63
08/15/18,Manhattan,Lasker,Early_Bird,5,6,11,44,43,87
08/14/18,Manhattan,Lasker,Early_Bird,1,1,2,27,33,60
08/13/18,Manhattan,Lasker,Early_Bird,2,0,2,21,32,53
08/17/18,Manhattan,John_Jay,Early_Bird,7,4,11,35,38,73
08/16/18,Manhattan,John_Jay,Early_Bird,7,8,15,30,36,66
08/15/18,Manhattan,John_Jay,Early_Bird,1,5,6,28,43,71
08/14/18,Manhattan,John_Jay,Early_Bird,3,4,7,27,32,59
08/13/18,Manhattan,John_Jay,Early_Bird,1,4,5,21,34,55
08/17/18,Manhattan,Hamilton_Fish,Early_Bird,2,8,10,63,73,136
08/16/18,Manhattan,Hamilton_Fish,Early_Bird,2,1,3,52,56,108
08/15/18,Manhattan,Hamilton_Fish,Early_Bird,3,4,7,56,61,117
08/14/18,Manhattan,Hamilton_Fish,Early_Bird,2,3,5,43,54,97
08/13/18,Manhattan,Hamilton_Fish,Early_Bird,1,0,1,31,27,58
08/17/18,Manhattan,Tony Dapolito,Early_Bird,2,2,4,10,19,29
08/16/18,Manhattan,Tony Dapolito,Early_Bird,0,1,1,7,17,24
08/15/18,Manhattan,Tony Dapolito,Early_Bird,1,0,1,10,17,27
08/14/18,Manhattan,Tony Dapolito,Early_Bird,0,0,0,13,18,31
08/13/18,Manhattan,Tony Dapolito,Early_Bird,2,1,3,9,13,22
08/17/18,Manhattan,Asser Levy,Early_Bird,0,0,0,16,29,45
08/16/18,Manhattan,Asser Levy,Early_Bird,0,1,1,15,26,41
08/15/18,Manhattan,Asser Levy,Early_Bird,0,1,1,13,26,39
08/14/18,Manhattan,Asser Levy,Early_Bird,0,1,1,13,22,35
08/13/18,Manhattan,Asser Levy,Early_Bird,0,1,1,10,23,33
08/10/18,Bronx,Crotona,Early_Bird,1,0,1,5,0,5
08/09/18,Bronx,Crotona,Early_Bird,0,0,0,4,3,7
08/08/18,Bronx,Crotona,Early_Bird,0,0,0,6,3,9
08/10/18,Bronx,Van Cortlandt,Early_Bird,0,3,3,18,22,40
08/09/18,Bronx,Van Cortlandt,Early_Bird,0,2,2,13,15,28
08/08/18,Bronx,Van Cortlandt,Early_Bird,1,2,3,17,18,35
08/10/18,Brooklyn,Sunset,Early_Bird,0,0,0,23,33,56
08/09/18,Brooklyn,Sunset,Early_Bird,2,2,4,27,32,59
08/08/18,Brooklyn,Sunset,Early_Bird,1,4,5,28,37,65
08/10/18,Brooklyn,McCarren,Early_Bird,3,9,12,61,70,131
08/09/18,Brooklyn,McCarren,Early_Bird,7,10,17,71,70,141
08/08/18,Brooklyn,McCarren,Early_Bird,10,13,23,93,79,172
08/10/18,Brooklyn,Red Hook,Early_Bird,4,3,7,24,37,61
08/09/18,Brooklyn,Red Hook,Early_Bird,2,4,6,26,34,60
08/08/18,Brooklyn,Red Hook,Early_Bird,2,9,11,26,30,56
08/10/18,Staten Island,Lyons,Early_Bird,0,1,1,10,13,23
08/09/18,Staten Island,Lyons,Early_Bird,1,2,3,8,15,23
08/08/18,Staten Island,Lyons,Early_Bird,0,1,1,8,13,21
08/10/18,Queens,Astoria,Early_Bird,2,1,3,49,53,102
08/09/18,Queens,Astoria,Early_Bird,4,2,6,46,49,95
08/08/18,Queens,Astoria,Early_Bird,4,5,9,58,101,159
08/10/18,Manhattan,Jackie Robinson,Early_Bird,1,5,6,12,31,43
08/09/18,Manhattan,Jackie Robinson,Early_Bird,1,1,2,11,27,38
08/08/18,Manhattan,Jackie Robinson,Early_Bird,2,2,4,14,26,40
08/10/18,Manhattan,Thomas Jefferson,Early_Bird,1,0,1,4,10,14
08/09/18,Manhattan,Thomas Jefferson,Early_Bird,1,1,2,6,14,20
08/08/18,Manhattan,Thomas Jefferson,Early_Bird,0,10,10,3,15,18
08/10/18,Manhattan,Lasker,Early_Bird,3,7,10,45,54,99
08/09/18,Manhattan,Lasker,Early_Bird,3,3,6,36,36,72
08/08/18,Manhattan,Lasker,Early_Bird,8,2,10,38,49,87
08/10/18,Manhattan,John_Jay,Early_Bird,7,16,23,37,54,91
08/09/18,Manhattan,John_Jay,Early_Bird,7,8,15,28,50,78
08/08/18,Manhattan,John_Jay,Early_Bird,3,7,10,42,57,99
08/10/18,Manhattan,Hamilton_Fish,Early_Bird,4,4,8,75,53,128
08/09/18,Manhattan,Hamilton_Fish,Early_Bird,4,6,10,60,58,118
08/08/18,Manhattan,Hamilton_Fish,Early_Bird,4,3,7,80,53,133
08/10/18,Manhattan,Tony Dapolito,Early_Bird,1,1,2,12,15,27
08/09/18,Manhattan,Tony Dapolito,Early_Bird,0,3,3,14,20,34
08/08/18,Manhattan,Tony Dapolito,Early_Bird,2,1,3,12,17,29
08/10/18,Manhattan,Asser Levy,Early_Bird,1,1,2,14,23,37
08/09/18,Manhattan,Asser Levy,Early_Bird,2,4,6,23,29,52
08/08/18,Manhattan,Asser Levy,Early_Bird,1,1,2,20,33,53
08/07/18,Bronx,Crotona,Early_Bird,0,1,1,3,4,7
08/07/18,Bronx,Van Cortlandt,Early_Bird,1,2,3,19,20,39
08/07/18,Brooklyn,McCarren,Early_Bird,14,12,26,85,82,167
08/07/18,Brooklyn,Sunset,Early_Bird,0,0,0,28,36,64
08/07/18,Brooklyn,Red Hook,Early_Bird,3,4,7,25,33,58
08/07/18,Staten Island,Lyons,Early_Bird,0,1,1,7,17,24
08/07/18,Queens,Astoria,Early_Bird,3,5,8,52,64,116
08/07/18,Manhattan,Jackie Robinson,Early_Bird,2,3,5,8,30,38
08/07/18,Manhattan,Thomas Jefferson,Early_Bird,1,0,1,7,15,22
08/07/18,Manhattan,Lasker,Early_Bird,4,8,12,38,55,93
08/07/18,Manhattan,John_Jay,Early_Bird,1,6,7,24,41,65
08/07/18,Manhattan,Hamilton_Fish,Early_Bird,2,2,4,87,55,142
08/07/18,Manhattan,Tony Dapolito,Early_Bird,0,5,5,13,22,35
08/07/18,Manhattan,Asser Levy,Early_Bird,3,4,7,21,35,56
08/06/18,Bronx,Crotona,Early_Bird,0,0,0,2,3,5
08/06/18,Bronx,Van Cortlandt,Early_Bird,2,1,3,19,18,37
08/06/18,Brooklyn,McCarren,Early_Bird,7,14,21,72,61,133
08/06/18,Brooklyn,Sunset,Early_Bird,1,4,5,26,38,64
08/06/18,Brooklyn,Red Hook,Early_Bird,3,6,9,26,37,63
08/06/18,Staten Island,Lyons,Early_Bird,0,1,1,6,12,18
08/06/18,Queens,Astoria,Early_Bird,3,6,9,48,55,103
08/06/18,Manhattan,Jackie Robinson,Early_Bird,0,3,3,9,32,41
08/06/18,Manhattan,Thomas Jefferson,Early_Bird,0,0,0,5,15,20
08/06/18,Manhattan,Lasker,Early_Bird,5,2,7,33,47,80
08/06/18,Manhattan,John_Jay,Early_Bird,5,3,8,34,42,76
08/06/18,Manhattan,Hamilton_Fish,Early_Bird,4,7,11,68,54,122
08/06/18,Manhattan,Tony Dapolito,Early_Bird,1,0,1,13,14,27
08/06/18,Manhattan,Asser Levy,Early_Bird,0,2,2,21,41,62
08/03/18,Bronx,Crotona,Early_Bird,0,0,0,3,3,6
08/03/18,Bronx,Van Cortlandt,Early_Bird,0,2,2,14,18,32
08/03/18,Brooklyn,McCarren,Early_Bird,5,2,7,57,43,100
08/03/18,Brooklyn,Sunset,Early_Bird,0,2,2,27,31,58
08/03/18,Brooklyn,Red Hook,Early_Bird,2,4,6,22,31,53
08/03/18,Staten Island,Lyons,Early_Bird,0,0,0,10,11,21
08/03/18,Queens,Astoria,Early_Bird,4,4,8,53,54,107
08/03/18,Manhattan,Jackie Robinson,Early_Bird,0,3,3,7,29,36
08/03/18,Manhattan,Thomas Jefferson,Early_Bird,2,1,3,9,15,24
08/03/18,Manhattan,Lasker,Early_Bird,2,5,7,38,43,81
08/03/18,Manhattan,John_Jay,Early_Bird,8,9,17,32,34,66
08/03/18,Manhattan,Hamilton_Fish,Early_Bird,2,2,4,57,60,117
08/03/18,Manhattan,Tony Dapolito,Early_Bird,1,1,2,13,21,34
08/03/18,Manhattan,Asser Levy,Early_Bird,0,1,1,20,20,40
08/02/18,Bronx,Crotona,Early_Bird,1,0,1,5,3,8
08/02/18,Bronx,Van Cortlandt,Early_Bird,0,1,1,13,18,31
08/02/18,Brooklyn,McCarren,Early_Bird,5,5,10,72,72,144
08/02/18,Brooklyn,Sunset,Early_Bird,0,0,0,30,29,59
08/02/18,Brooklyn,Red Hook,Early_Bird,1,4,5,18,36,54
08/02/18,Staten Island,Lyons,Early_Bird,3,0,3,10,6,16
08/02/18,Queens,Astoria,Early_Bird,0,4,4,42,51,93
08/02/18,Manhattan,Jackie Robinson,Early_Bird,2,3,5,11,28,39
08/02/18,Manhattan,Thomas Jefferson,Early_Bird,0,2,2,4,13,17
08/02/18,Manhattan,Lasker,Early_Bird,5,2,7,33,47,80
08/02/18,Manhattan,John_Jay,Early_Bird,7,5,12,34,37,71
08/02/18,Manhattan,Hamilton_Fish,Early_Bird,1,6,7,71,57,128
08/02/18,Manhattan,Tony Dapolito,Early_Bird,0,0,0,14,19,33
08/02/18,Manhattan,Asser Levy,Early_Bird,0,1,1,21,27,48
08/01/18,Bronx,Crotona,Early_Bird,0,0,0,1,3,4
08/01/18,Bronx,Van Cortlandt,Early_Bird,0,0,0,8,5,13
08/01/18,Brooklyn,McCarren,Early_Bird,2,2,4,34,28,62
08/01/18,Brooklyn,Sunset,Early_Bird,0,0,0,30,29,59
08/01/18,Brooklyn,Red Hook,Early_Bird,1,2,3,15,6,21
08/01/18,Staten Island,Lyons,Early_Bird,0,0,0,8,3,11
08/01/18,Queens,Astoria,Early_Bird,1,1,2,21,28,49
08/01/18,Manhattan,Jackie Robinson,Early_Bird,0,0,0,4,16,20
08/01/18,Manhattan,Thomas Jefferson,Early_Bird,0,0,0,6,3,9
08/01/18,Manhattan,Lasker,Early_Bird,5,5,10,34,40,74
08/01/18,Manhattan,John_Jay,Early_Bird,2,2,4,16,19,35
08/01/18,Manhattan,Hamilton_Fish,Early_Bird,2,2,4,30,22,52
08/01/18,Manhattan,Tony Dapolito,Early_Bird,0,0,0,9,8,17
08/01/18,Manhattan,Asser Levy,Early_Bird,0,2,2,13,14,27
07/31/18,Bronx,Crotona,Early_Bird,0,0,0,5,5,10
07/31/18,Bronx,Van Cortlandt,Early_Bird,0,1,1,19,13,32
07/31/18,Brooklyn,McCarren,Early_Bird,8,5,13,74,61,135
07/31/18,Brooklyn,Sunset,Early_Bird,1,2,3,28,30,58
07/31/18,Brooklyn,Red Hook,Early_Bird,3,4,7,23,33,56
07/31/18,Staten Island,Lyons,Early_Bird,0,1,1,9,8,17
07/31/18,Queens,Astoria,Early_Bird,2,3,5,48,48,96
07/31/18,Manhattan,Jackie Robinson,Early_Bird,3,2,5,9,23,32
07/31/18,Manhattan,Thomas Jefferson,Early_Bird,0,1,1,9,12,21
08/03/18,Bronx,Crotona,Night_Owl,1,0,1,5,2,7
08/02/18,Bronx,Crotona,Night_Owl,0,0,0,4,1,5
08/01/18,Bronx,Crotona,Night_Owl,0,0,0,5,1,6
07/31/18,Bronx,Crotona,Night_Owl,1,0,1,4,2,6
07/31/18,Bronx,Crotona,Night_Owl,1,1,2,5,3,8
08/03/18,Bronx,Van Cortlandt,Night_Owl,2,3,5,14,6,20
08/02/18,Bronx,Van Cortlandt,Night_Owl,1,0,1,12,12,24
08/01/18,Bronx,Van Cortlandt,Night_Owl,0,4,4,14,19,33
07/31/18,Bronx,Van Cortlandt,Night_Owl,0,2,2,9,17,26
07/31/18,Bronx,Van Cortlandt,Night_Owl,1,1,2,6,8,14
07/31/18,Manhattan,Lasker,Early_Bird,5,5,10,34,40,74
08/03/18,Brooklyn,McCarren,Night_Owl,6,8,14,36,39,75
07/31/18,Manhattan,John_Jay,Early_Bird,1,3,4,32,29,61
08/02/18,Brooklyn,McCarren,Night_Owl,2,16,18,40,56,96
08/01/18,Brooklyn,McCarren,Night_Owl,15,16,31,55,65,120
07/31/18,Manhattan,Hamilton_Fish,Early_Bird,6,4,10,76,55,131
07/31/18,Brooklyn,McCarren,Night_Owl,0,2,2,51,49,100
07/30/18,Brooklyn,McCarren,Night_Owl,7,9,16,38,58,96
07/31/18,Manhattan,Tony Dapolito,Early_Bird,0,1,1,12,17,29
08/03/18,Brooklyn,Sunset,Night_Owl,4,4,8,23,17,40
08/02/18,Brooklyn,Sunset,Night_Owl,2,4,6,23,26,49
07/31/18,Manhattan,Asser Levy,Early_Bird,0,2,2,20,29,49
08/01/18,Brooklyn,Sunset,Night_Owl,3,8,11,22,31,53
07/31/18,Brooklyn,Sunset,Night_Owl,3,6,9,29,29,58
07/30/18,Brooklyn,Sunset,Night_Owl,3,2,5,27,16,43
07/30/18,Bronx,Crotona,Early_Bird,0,0,0,2,3,5
08/03/18,Brooklyn,Red Hook,Night_Owl,4,1,5,13,18,31
08/02/18,Brooklyn,Red Hook,Night_Owl,2,5,7,24,21,45
08/01/18,Brooklyn,Red Hook,Night_Owl,3,1,4,11,19,30
07/31/18,Brooklyn,Red Hook,Night_Owl,3,2,5,18,13,31
07/30/18,Bronx,Van Cortlandt,Early_Bird,2,1,3,20,17,37
07/30/18,Brooklyn,Red Hook,Night_Owl,4,3,7,24,12,36
08/03/18,Staten Island,Lyons,Night_Owl,0,1,1,9,10,19
08/02/18,Staten Island,Lyons,Night_Owl,2,0,2,7,8,15
08/01/18,Staten Island,Lyons,Night_Owl,1,0,1,7,10,17
07/30/18,Brooklyn,McCarren,Early_Bird,8,7,15,58,50,108
07/31/18,Staten Island,Lyons,Night_Owl,1,1,2,5,14,19
07/30/18,Staten Island,Lyons,Night_Owl,2,0,2,6,9,15
07/30/18,Brooklyn,Red Hook,Early_Bird,0,2,2,29,34,63
07/30/18,Brooklyn,Red Hook,Early_Bird,3,3,6,25,31,56
08/03/18,Queens,Astoria,Night_Owl,2,5,7,39,33,72
07/30/18,Staten Island,Lyons,Early_Bird,1,1,2,9,13,22
08/02/18,Queens,Astoria,Night_Owl,5,9,14,35,47,82
08/01/18,Queens,Astoria,Night_Owl,6,10,16,47,53,100
07/30/18,Queens,Astoria,Early_Bird,2,2,4,50,51,101
07/30/18,Manhattan,Jackie Robinson,Early_Bird,2,1,3,9,25,34
07/31/18,Queens,Astoria,Night_Owl,8,18,26,49,61,110
07/30/18,Queens,Astoria,Night_Owl,5,2,7,38,28,66
07/30/18,Manhattan,Thomas Jefferson,Early_Bird,1,1,2,7,13,20
08/03/18,Manhattan,Marcus_Garvey,Night_Owl,1,1,2,6,6,12
08/02/18,Manhattan,Marcus_Garvey,Night_Owl,1,1,2,6,9,15
08/01/18,Manhattan,Marcus_Garvey,Night_Owl,3,4,7,11,10,21
07/30/18,Manhattan,Lasker,Early_Bird,3,6,9,39,45,84
07/31/18,Manhattan,Marcus_Garvey,Night_Owl,2,0,2,10,12,22
07/30/18,Manhattan,Marcus_Garvey,Night_Owl,0,1,1,8,3,11
08/02/18,Manhattan,Lasker,Night_Owl,8,6,14,20,29,49
07/30/18,Manhattan,John_Jay,Early_Bird,2,2,4,37,37,74
07/30/18,Manhattan,Hamilton_Fish,Early_Bird,9,7,16,55,49,104
08/01/18,Manhattan,Lasker,Night_Owl,5,12,17,24,42,66
07/30/18,Manhattan,Tony Dapolito,Early_Bird,2,0,2,16,14,30
07/31/18,Manhattan,Lasker,Night_Owl,9,15,24,26,41,67
07/30/18,Manhattan,Lasker,Night_Owl,1,5,6,17,20,37
08/03/18,Manhattan,John_Jay,Night_Owl,5,4,9,25,23,48
08/02/18,Manhattan,John_Jay,Night_Owl,5,6,11,21,23,44
08/01/18,Manhattan,John_Jay,Night_Owl,5,10,15,23,29,52
07/30/18,Manhattan,Asser Levy,Early_Bird,3,0,3,19,30,49
07/31/18,Manhattan,John_Jay,Night_Owl,5,10,15,35,37,72
07/30/18,Manhattan,John_Jay,Night_Owl,6,8,14,30,13,43
08/03/18,Manhattan,Hamilton_Fish,Night_Owl,4,8,12,44,31,75
08/02/18,Manhattan,Hamilton_Fish,Night_Owl,2,10,12,45,41,86
08/01/18,Manhattan,Hamilton_Fish,Night_Owl,3,5,8,50,31,81
07/27/18,Bronx,Crotona,Early_Bird,0,0,0,3,7,10
07/31/18,Manhattan,Hamilton_Fish,Night_Owl,1,3,4,46,44,90
07/30/18,Manhattan,Hamilton_Fish,Night_Owl,8,3,11,53,36,89
07/27/18,Bronx,Van Cortlandt,Early_Bird,1,2,3,19,17,36
08/03/18,Manhattan,Tony Dapolito,Night_Owl,1,4,5,13,15,28
08/02/18,Manhattan,Tony Dapolito,Night_Owl,1,2,3,3,13,16
08/01/18,Manhattan,Tony Dapolito,Night_Owl,0,2,2,12,9,21
07/31/18,Manhattan,Tony Dapolito,Night_Owl,2,2,4,15,14,29
07/30/18,Manhattan,Tony Dapolito,Night_Owl,3,4,7,6,9,15
07/27/18,Brooklyn,Sunset,Early_Bird,3,5,8,34,35,69
08/03/18,Manhattan,Asser Levy,Night_Owl,2,3,5,14,11,25
08/02/18,Manhattan,Asser Levy,Night_Owl,4,2,6,15,17,32
08/01/18,Manhattan,Asser Levy,Night_Owl,0,1,1,27,21,48
07/31/18,Manhattan,Asser Levy,Night_Owl,3,7,10,14,21,35
07/30/18,Manhattan,Asser Levy,Night_Owl,0,1,1,6,14,20
07/27/18,Brooklyn,Red Hook,Early_Bird,1,3,4,35,57,92
07/27/18,Staten Island,Lyons,Early_Bird,0,0,0,6,9,15
07/27/18,Bronx,Crotona,Night_Owl,0,0,0,0,0,0
07/27/18,Bronx,Van Cortlandt,Night_Owl,0,0,0,0,0,0
07/27/18,Brooklyn,McCarren,Night_Owl,0,1,1,0,0,0
07/27/18,Queens,Astoria,Early_Bird,2,5,7,52,51,103
07/27/18,Brooklyn,Sunset,Night_Owl,0,0,0,0,0,0
07/27/18,Brooklyn,Red Hook,Night_Owl,0,0,0,0,0,0
07/27/18,Staten Island,Lyons,Night_Owl,0,0,0,0,0,0
07/27/18,Queens,Astoria,Night_Owl,0,1,1,0,0,0
07/27/18,Manhattan,Marcus_Garvey,Night_Owl,0,0,0,0,0,0
07/27/18,Manhattan,Lasker,Night_Owl,0,0,0,0,0,0
07/27/18,Manhattan,John_Jay,Night_Owl,0,0,0,0,0,0
07/27/18,Manhattan,Hamilton_Fish,Night_Owl,0,0,0,0,0,0
07/26/18,Bronx,Crotona,Early_Bird,2,0,2,5,2,7
07/27/18,Manhattan,Tony Dapolito,Night_Owl,0,0,0,0,0,0
07/27/18,Manhattan,Asser Levy,Night_Owl,0,0,0,0,0,0
07/26/18,Bronx,Van Cortlandt,Early_Bird,2,2,4,21,19,40
07/26/18,Bronx,Crotona,Night_Owl,0,0,0,7,2,9
07/26/18,Bronx,Van Cortlandt,Night_Owl,2,1,3,8,18,26
07/26/18,Brooklyn,McCarren,Early_Bird,2,4,6,50,42,92
07/26/18,Brooklyn,McCarren,Night_Owl,13,15,28,51,76,127
07/26/18,Brooklyn,Sunset,Night_Owl,5,7,12,25,24,49
07/26/18,Brooklyn,Red Hook,Night_Owl,2,4,6,19,13,32
07/26/18,Staten Island,Lyons,Night_Owl,3,0,3,8,12,20
07/26/18,Queens,Astoria,Night_Owl,7,6,13,36,42,78
07/27/18,Brooklyn,McCarren,Early_Bird,6,6,12,73,72,145
07/26/18,Manhattan,Marcus_Garvey,Night_Owl,6,6,12,16,16,32
07/26/18,Brooklyn,Sunset,Early_Bird,1,1,2,31,27,58
07/26/18,Manhattan,Lasker,Night_Owl,9,11,20,33,39,72
07/26/18,Manhattan,John_Jay,Night_Owl,5,14,19,19,33,52
07/26/18,Manhattan,Hamilton_Fish,Night_Owl,5,8,13,54,39,93
07/26/18,Brooklyn,Red Hook,Early_Bird,1,3,4,31,30,61
07/26/18,Manhattan,Tony Dapolito,Night_Owl,4,1,5,18,17,35
07/26/18,Manhattan,Asser Levy,Night_Owl,3,3,6,11,14,25
07/26/18,Staten Island,Lyons,Early_Bird,0,0,0,9,13,22
07/26/18,Queens,Astoria,Early_Bird,0,0,0,46,44,90
07/25/18,Manhattan,Jackie Robinson,Early_Bird,0,0,0,0,5,5
07/25/18,Bronx,Crotona,Night_Owl,0,0,0,1,1,2
07/25/18,Bronx,Van Cortlandt,Night_Owl,0,0,0,6,4,10
07/26/18,Manhattan,Jackie Robinson,Early_Bird,1,3,4,6,26,32
07/25/18,Manhattan,Marcus_Garvey,Night_Owl,0,0,0,6,3,9
07/25/18,Brooklyn,McCarren,Night_Owl,3,1,4,18,10,28
07/25/18,Brooklyn,Sunset,Night_Owl,0,0,0,12,10,22
07/25/18,Brooklyn,Red Hook,Night_Owl,2,1,3,12,6,18
07/26/18,Manhattan,Thomas Jefferson,Early_Bird,2,0,2,10,13,23
07/25/18,Staten Island,Lyons,Night_Owl,0,1,1,2,6,8
07/25/18,Queens,Astoria,Night_Owl,1,0,1,18,20,38
07/25/18,Bronx,Crotona,Early_Bird,0,0,0,2,3,5
07/25/18,Manhattan,Lasker,Night_Owl,2,2,4,20,8,28
07/25/18,Manhattan,John_Jay,Night_Owl,2,2,4,16,11,27
07/25/18,Bronx,Van Cortlandt,Early_Bird,0,0,0,5,1,6
07/25/18,Manhattan,Hamilton_Fish,Night_Owl,3,2,5,31,20,51
07/25/18,Brooklyn,McCarren,Early_Bird,0,1,1,15,18,33
07/25/18,Manhattan,Tony Dapolito,Night_Owl,1,0,1,4,5,9
07/25/18,Brooklyn,Sunset,Early_Bird,0,0,0,0,0,0
07/25/18,Manhattan,Asser Levy,Night_Owl,0,2,2,89,9,98
07/25/18,Brooklyn,Red Hook,Early_Bird,1,0,1,7,2,9
07/25/18,Staten Island,Lyons,Early_Bird,0,0,0,5,5,10
07/25/18,Queens,Astoria,Early_Bird,1,2,3,21,18,39
07/27/18,Manhattan,Thomas Jefferson,Early_Bird,0,0,0,6,16,22
07/27/18,Manhattan,Lasker,Early_Bird,4,4,8,38,157,195
07/25/18,Manhattan,Thomas Jefferson,Early_Bird,0,1,1,2,8,10
07/27/18,Manhattan,Jackie Robinson,Early_Bird,1,2,3,13,31,44
07/06/18,Manhattan,Jackie Robinson,Early_Bird,3,11,14,6,22,28
07/05/18,Manhattan,Jackie Robinson,Early_Bird,10,29,39,10,29,39
07/26/18,Manhattan,Lasker,Early_Bird,6,5,11,33,44,77
07/25/18,Manhattan,Lasker,Early_Bird,0,0,0,11,19,30
07/24/18,Manhattan,Lasker,Early_Bird,3,5,8,25,41,66
07/23/18,Manhattan,Lasker,Early_Bird,1,0,1,14,18,32
07/20/18,Manhattan,Lasker,Early_Bird,3,12,15,47,44,91
07/19/18,Manhattan,Lasker,Early_Bird,7,6,13,36,44,80
07/18/18,Manhattan,Lasker,Early_Bird,6,8,14,38,52,90
07/17/18,Manhattan,Lasker,Early_Bird,2,3,5,31,41,72
07/16/18,Manhattan,Lasker,Early_Bird,10,10,20,43,52,95
07/13/18,Manhattan,Lasker,Early_Bird,6,10,16,42,49,91
07/12/18,Manhattan,Lasker,Early_Bird,3,7,10,24,33,57
07/11/18,Manhattan,Lasker,Early_Bird,21,15,36,46,45,91
07/10/18,Manhattan,Lasker,Early_Bird,15,28,43,36,50,86
07/09/18,Manhattan,Lasker,Early_Bird,13,19,32,33,43,76
07/06/18,Manhattan,Lasker,Early_Bird,8,4,12,16,14,30
07/05/18,Manhattan,Lasker,Early_Bird,30,47,77,30,47,77
07/05/18,Manhattan,Hamilton_Fish,Night_Owl,52,47,99,52,47,99
07/06/18,Manhattan,Hamilton_Fish,Night_Owl,16,12,28,41,24,65
07/09/18,Manhattan,Hamilton_Fish,Night_Owl,27,39,66,62,64,126
07/10/18,Manhattan,Hamilton_Fish,Night_Owl,24,20,44,57,50,107
07/11/18,Manhattan,Hamilton_Fish,Night_Owl,17,21,38,55,48,103
07/12/18,Manhattan,Hamilton_Fish,Night_Owl,13,13,26,53,38,91
07/13/18,Manhattan,Hamilton_Fish,Night_Owl,7,16,23,74,60,134
07/16/18,Manhattan,Hamilton_Fish,Night_Owl,23,14,37,74,60,134
07/17/18,Manhattan,Hamilton_Fish,Night_Owl,0,4,4,20,15,35
07/18/18,Manhattan,Hamilton_Fish,Night_Owl,6,7,13,57,44,101
07/19/18,Manhattan,Hamilton_Fish,Night_Owl,8,7,15,46,39,85
07/20/18,Manhattan,Hamilton_Fish,Night_Owl,8,9,17,43,32,75
07/23/18,Manhattan,Hamilton_Fish,Night_Owl,11,5,16,56,41,97
07/24/18,Manhattan,Hamilton_Fish,Night_Owl,7,1,8,56,35,91
07/25/18,Manhattan,Hamilton_Fish,Night_Owl,3,2,5,31,20,51
07/05/18,Manhattan,Asser Levy,Night_Owl,7,6,13,12,11,23
07/06/18,Manhattan,Asser Levy,Night_Owl,7,6,13,12,11,23
07/09/18,Manhattan,Asser Levy,Night_Owl,17,13,30,23,20,43
07/10/18,Manhattan,Asser Levy,Night_Owl,7,16,23,19,28,47
07/11/18,Manhattan,Asser Levy,Night_Owl,4,9,13,16,20,36
07/12/18,Manhattan,Asser Levy,Night_Owl,1,3,4,9,19,28
07/13/18,Manhattan,Asser Levy,Night_Owl,3,4,7,10,14,24
07/16/18,Manhattan,Asser Levy,Night_Owl,3,9,12,14,26,40
07/17/18,Manhattan,Asser Levy,Night_Owl,2,1,3,7,8,15
07/18/18,Manhattan,Asser Levy,Night_Owl,3,5,8,11,22,33
07/19/18,Manhattan,Asser Levy,Night_Owl,1,2,3,7,15,22
07/20/18,Manhattan,Asser Levy,Night_Owl,3,6,9,12,17,29
07/23/18,Manhattan,Asser Levy,Night_Owl,4,3,7,11,15,26
07/24/18,Manhattan,Asser Levy,Night_Owl,1,2,3,14,16,30
07/25/18,Manhattan,Asser Levy,Night_Owl,0,2,2,89,9,98
07/26/18,Manhattan,John_Jay,Early_Bird,4,2,6,35,34,69
07/25/18,Manhattan,John_Jay,Early_Bird,0,1,1,7,16,23
07/24/18,Manhattan,John_Jay,Early_Bird,2,1,3,32,31,63
07/23/18,Manhattan,John_Jay,Early_Bird,0,0,0,15,22,37
07/20/18,Manhattan,John_Jay,Early_Bird,13,28,41,37,51,88
07/19/18,Manhattan,John_Jay,Early_Bird,2,4,6,32,43,75
07/18/18,Manhattan,John_Jay,Early_Bird,8,4,12,37,47,84
07/17/18,Manhattan,John_Jay,Early_Bird,2,6,8,24,34,58
07/16/18,Manhattan,John_Jay,Early_Bird,8,13,21,33,56,89
07/26/18,Manhattan,Hamilton_Fish,Early_Bird,1,1,2,53,42,95
07/25/18,Manhattan,Hamilton_Fish,Early_Bird,1,1,2,22,12,34
07/24/18,Manhattan,Hamilton_Fish,Early_Bird,3,1,4,57,39,96
07/23/18,Manhattan,Hamilton_Fish,Early_Bird,1,0,1,15,14,29
07/20/18,Manhattan,Hamilton_Fish,Early_Bird,8,10,18,70,74,144
07/19/18,Manhattan,Hamilton_Fish,Early_Bird,5,5,10,66,49,115
07/18/18,Manhattan,Hamilton_Fish,Early_Bird,8,8,16,74,63,137
07/17/18,Manhattan,Hamilton_Fish,Early_Bird,11,9,20,74,64,138
07/16/18,Manhattan,Hamilton_Fish,Early_Bird,12,11,23,74,58,132
07/13/18,Manhattan,Hamilton_Fish,Early_Bird,4,8,12,68,64,132
07/12/18,Manhattan,Hamilton_Fish,Early_Bird,7,6,13,63,44,107
07/11/18,Manhattan,Hamilton_Fish,Early_Bird,11,17,28,74,57,131
07/10/18,Manhattan,Hamilton_Fish,Early_Bird,27,9,36,77,39,116
07/26/18,Manhattan,Tony Dapolito,Early_Bird,0,1,1,10,20,30
07/25/18,Manhattan,Tony Dapolito,Early_Bird,1,0,1,7,5,12
07/24/18,Manhattan,Tony Dapolito,Early_Bird,1,0,1,14,16,30
07/23/18,Manhattan,Tony Dapolito,Early_Bird,0,0,0,5,7,12
07/20/18,Manhattan,Tony Dapolito,Early_Bird,1,1,2,13,18,31
07/19/18,Manhattan,Tony Dapolito,Early_Bird,2,2,4,14,21,35
07/18/18,Manhattan,Tony Dapolito,Early_Bird,1,1,2,14,15,29
07/17/18,Manhattan,Tony Dapolito,Early_Bird,3,6,9,13,19,32
07/16/18,Manhattan,Tony Dapolito,Early_Bird,3,5,8,14,17,31
07/26/18,Manhattan,Asser Levy,Early_Bird,0,0,0,21,20,41
07/25/18,Manhattan,Asser Levy,Early_Bird,1,0,1,7,5,12
07/24/18,Manhattan,Asser Levy,Early_Bird,0,0,0,20,18,38
07/23/18,Manhattan,Asser Levy,Early_Bird,1,0,1,15,14,29
07/20/18,Manhattan,Asser Levy,Early_Bird,4,1,5,23,29,52
07/19/18,Manhattan,Asser Levy,Early_Bird,3,6,9,25,26,51
07/18/18,Manhattan,Asser Levy,Early_Bird,3,1,4,22,24,46
07/17/18,Manhattan,Asser Levy,Early_Bird,4,5,9,19,30,49
07/16/18,Manhattan,Asser Levy,Early_Bird,2,4,6,21,33,54
07/13/18,Manhattan,John_Jay,Early_Bird,8,15,23,30,46,76
07/12/18,Manhattan,John_Jay,Early_Bird,3,6,9,22,38,60
07/11/18,Manhattan,John_Jay,Early_Bird,11,13,24,42,46,88
07/10/18,Manhattan,John_Jay,Early_Bird,34,33,67,30,38,68
07/09/18,Manhattan,John_Jay,Early_Bird,20,20,40,36,38,74
07/06/18,Manhattan,John_Jay,Early_Bird,23,34,57,30,49,79
07/05/18,Manhattan,John_Jay,Early_Bird,35,40,75,14,16,30
07/09/18,Manhattan,Hamilton_Fish,Early_Bird,4,8,12,68,64,132
07/06/18,Manhattan,Hamilton_Fish,Early_Bird,7,3,10,15,39,54
07/05/18,Manhattan,Hamilton_Fish,Early_Bird,57,46,103,57,46,103
07/13/18,Manhattan,Tony Dapolito,Early_Bird,1,4,5,14,19,33
07/12/18,Manhattan,Tony Dapolito,Early_Bird,6,5,11,11,18,29
07/11/18,Manhattan,Tony Dapolito,Early_Bird,7,5,12,21,17,38
07/10/18,Manhattan,Tony Dapolito,Early_Bird,8,7,15,15,18,33
07/09/18,Manhattan,Tony Dapolito,Early_Bird,7,5,12,17,17,34
07/06/18,Manhattan,Tony Dapolito,Early_Bird,1,3,4,6,10,16
07/05/18,Manhattan,Tony Dapolito,Early_Bird,9,15,24,9,15,24
07/13/18,Manhattan,Asser Levy,Early_Bird,4,3,7,15,27,42
07/12/18,Manhattan,Asser Levy,Early_Bird,1,3,4,15,31,46
07/11/18,Manhattan,Asser Levy,Early_Bird,9,9,18,23,30,53
07/10/18,Manhattan,Asser Levy,Early_Bird,5,9,14,20,24,44
07/09/18,Manhattan,Asser Levy,Early_Bird,9,12,21,19,30,49
07/06/18,Manhattan,Asser Levy,Early_Bird,7,5,12,10,10,20
07/05/18,Manhattan,Asser Levy,Early_Bird,13,25,38,13,25,38
