Date,Borough,Swimming_Pool,Program_Type,Male_Registration,Female_Registration,Total_Registration,Male_Attendance,Female_Attendance,Total_Attendance
8/31/2018,Bronx,Crotona,Night_Owl,0,0,0,3,3,6
8/30/2018,Bronx,Crotona,Night_Owl,0,0,0,2,3,5
8/29/2018,Bronx,Crotona,Night_Owl,0,3,3,2,5,7
8/28/2018,Bronx,Crotona,Night_Owl,0,0,0,2,0,2
8/27/2018,Bronx,Crotona,Night_Owl,0,0,0,5,3,8
8/31/2018,Bronx,Van Cortlandt,Night_Owl,0,0,0,2,8,10
8/30/2018,Bronx,Van Cortlandt,Night_Owl,0,0,0,7,7,14
8/29/2018,Bronx,Van Cortlandt,Night_Owl,0,0,0,5,9,14
8/28/2018,Bronx,Van Cortlandt,Night_Owl,1,0,1,5,3,8
8/27/2018,Bronx,Van Cortlandt,Night_Owl,2,2,4,9,12,21
8/31/2018,Brooklyn,McCarren,Night_Owl,1,4,5,19,15,34
8/30/2018,Brooklyn,McCarren,Night_Owl,4,7,11,36,45,81
8/29/2018,Brooklyn,McCarren,Night_Owl,6,8,14,41,46,87
8/28/2018,Brooklyn,McCarren,Night_Owl,9,7,16,52,42,94
8/27/2018,Brooklyn,McCarren,Night_Owl,10,9,19,46,55,101
8/31/2018,Brooklyn,Sunset,Night_Owl,0,0,0,6,8,14
8/30/2018,Brooklyn,Sunset,Night_Owl,0,0,0,25,23,48
8/29/2018,Brooklyn,Sunset,Night_Owl,3,0,3,21,16,37
8/28/2018,Brooklyn,Sunset,Night_Owl,0,2,2,13,18,31
8/27/2018,Brooklyn,Sunset,Night_Owl,2,1,3,18,15,33
8/31/2018,Brooklyn,Red Hook,Night_Owl,0,0,0,7,2,9
8/30/2018,Brooklyn,Red Hook,Night_Owl,4,2,6,11,18,29
8/29/2018,Brooklyn,Red Hook,Night_Owl,4,3,7,19,16,35
8/28/2018,Brooklyn,Red Hook,Night_Owl,5,7,12,19,21,40
8/27/2018,Brooklyn,Red Hook,Night_Owl,3,6,9,19,14,33
8/31/2018,Staten Island,Lyons,Night_Owl,0,0,0,1,0,1
8/30/2018,Staten Island,Lyons,Night_Owl,0,0,0,8,9,17
8/29/2018,Staten Island,Lyons,Night_Owl,0,0,0,3,8,11
8/28/2018,Staten Island,Lyons,Night_Owl,0,0,0,4,5,9
8/27/2018,Staten Island,Lyons,Night_Owl,0,1,1,7,11,18
8/31/2018,Queens,Astoria,Night_Owl,0,0,0,32,30,62
8/30/2018,Queens,Astoria,Night_Owl,1,2,3,25,29,54
8/29/2018,Queens,Astoria,Night_Owl,8,14,22,36,41,77
8/28/2018,Queens,Crotona,Night_Owl,5,5,10,37,45,82
8/27/2018,Queens,Astoria,Night_Owl,2,10,12,30,39,69
8/31/2018,Manhattan,Marcus_Garvey,Night_Owl,0,0,0,0,0,0
8/30/2018,Manhattan,Marcus_Garvey,Night_Owl,0,0,0,9,6,15
8/29/2018,Manhattan,Marcus_Garvey,Night_Owl,0,0,0,0,0,0
8/28/2018,Manhattan,Marcus_Garvey,Night_Owl,1,1,2,8,14,22
8/27/2018,Manhattan,Marcus_Garvey,Night_Owl,0,3,3,9,12,21
8/31/2018,Manhattan,Lasker,Night_Owl,0,0,0,13,11,24
8/30/2018,Manhattan,Lasker,Night_Owl,3,3,6,23,36,59
8/29/2018,Manhattan,Lasker,Night_Owl,2,9,11,24,49,73
8/28/2018,Manhattan,Lasker,Night_Owl,9,8,17,29,47,76
8/27/2018,Manhattan,Lasker,Night_Owl,16,17,33,36,41,77
8/31/2018,Manhattan,John_Jay,Night_Owl,0,0,0,19,20,39
8/30/2018,Manhattan,John_Jay,Night_Owl,3,4,7,17,32,49
8/29/2018,Manhattan,John_Jay,Night_Owl,0,0,0,31,25,56
8/28/2018,Manhattan,John_Jay,Night_Owl,0,0,0,30,30,60
8/31/2018,Manhattan,Hamilton_Fish,Night_Owl,0,0,0,13,7,20
8/30/2018,Manhattan,Hamilton_Fish,Night_Owl,1,2,3,29,19,48
8/29/2018,Manhattan,Hamilton_Fish,Night_Owl,0,0,0,32,29,61
8/28/2018,Manhattan,Hamilton_Fish,Night_Owl,0,0,0,30,30,60
8/30/2018,Manhattan,Tony Dapolito,Night_Owl,0,0,0,7,9,16
8/29/2018,Manhattan,Tony Dapolito,Night_Owl,0,0,0,0,0,0
8/28/2018,Manhattan,Tony Dapolito,Night_Owl,1,8,9,9,22,31
8/27/2018,Manhattan,John_Jay,Night_Owl,0,0,0,34,29,63
8/27/2018,Manhattan,Hamilton_Fish,Night_Owl,0,0,0,40,23,63
8/31/2018,Manhattan,Tony Dapolito,Night_Owl,0,0,0,6,5,11
8/27/2018,Manhattan,Tony Dapolito,Night_Owl,2,4,6,12,12,24
8/31/2018,Manhattan,Asser Levy,Night_Owl,0,0,0,6,5,11
8/30/2018,Manhattan,Asser Levy,Night_Owl,0,0,0,11,12,23
8/29/2018,Manhattan,Asser Levy,Night_Owl,0,4,4,13,21,34
8/28/2018,Manhattan,Asser Levy,Night_Owl,0,4,4,11,14,25
8/27/2018,Manhattan,Asser Levy,Night_Owl,4,3,7,15,17,32
8/24/2018,Bronx,Crotona,Night_Owl,0,0,0,3,2,5
8/23/2018,Bronx,Crotona,Night_Owl,0,0,0,2,1,3
8/22/2018,Bronx,Crotona,Night_Owl,0,0,0,4,2,6
8/21/2018,Bronx,Crotona,Night_Owl,0,0,0,3,1,4
8/20/2018,Bronx,Crotona,Night_Owl,0,0,0,3,2,5
8/24/2018,Bronx,Van Cortlandt,Night_Owl,0,0,0,6,9,15
8/23/2018,Bronx,Van Cortlandt,Night_Owl,2,1,3,2,3,5
8/22/2018,Bronx,Van Cortlandt,Night_Owl,4,0,4,8,11,19
8/21/2018,Bronx,Van Cortlandt,Night_Owl,0,0,0,2,8,10
8/20/2018,Bronx,Van Cortlandt,Night_Owl,4,0,4,10,15,25
8/24/2018,Brooklyn,McCarren,Night_Owl,1,5,6,35,26,61
8/23/2018,Brooklyn,McCarren,Night_Owl,9,6,15,32,39,71
8/22/2018,Brooklyn,McCarren,Night_Owl,4,7,11,37,49,86
8/21/2018,Brooklyn,McCarren,Night_Owl,3,4,7,28,33,61
8/20/2018,Brooklyn,McCarren,Night_Owl,11,12,23,36,28,64
8/24/2018,Brooklyn,Sunset,Night_Owl,0,0,0,19,13,32
8/23/2018,Brooklyn,Sunset,Night_Owl,0,1,1,9,14,23
8/22/2018,Brooklyn,Sunset,Night_Owl,1,2,3,13,15,28
8/21/2018,Brooklyn,Sunset,Night_Owl,1,1,2,19,12,31
8/20/2018,Brooklyn,Sunset,Night_Owl,0,4,4,12,19,31
8/24/2018,Brooklyn,Red Hook,Night_Owl,0,1,1,13,9,22
8/23/2028,Brooklyn,Red Hook,Night_Owl,4,2,6,16,10,26
8/22/2018,Brooklyn,Red Hook,Night_Owl,1,2,3,13,15,28
8/21/2018,Brooklyn,Red Hook,Night_Owl,4,2,6,15,8,23
8/20/2018,Brooklyn,Red Hook,Night_Owl,1,1,2,10,6,16
8/24/2018,Staten Island,Lyons,Night_Owl,1,2,3,6,6,12
8/23/2018,Staten Island,Lyons,Night_Owl,0,1,1,4,5,9
8/22/2018,Staten Island,Lyons,Night_Owl,0,0,0,4,10,14
8/21/2018,Staten Island,Lyons,Night_Owl,0,0,0,4,1,5
8/20/2018,Staten Island,Lyons,Night_Owl,0,0,0,3,4,7
8/24/2018,Queens,Astoria,Night_Owl,2,2,4,19,22,41
8/23/2018,Queens,Astoria,Night_Owl,1,1,2,16,19,35
8/21/2018,Queens,Astoria,Night_Owl,4,5,9,32,24,56
8/20/2018,Queens,Astoria,Night_Owl,4,2,6,32,18,50
8/24/2018,Manhattan,Marcus_Garvey,Night_Owl,0,0,0,6,6,12
8/23/2018,Manhattan,Marcus_Garvey,Night_Owl,0,0,0,8,6,14
8/22/2018,Manhattan,Marcus_Garvey,Night_Owl,0,0,0,7,10,17
8/21/2018,Manhattan,Marcus_Garvey,Night_Owl,0,0,0,6,8,14
8/20/2018,Manhattan,Marcus_Garvey,Night_Owl,2,1,3,6,3,9
8/24/2018,Manhattan,Lasker,Night_Owl,5,3,8,16,26,42
8/23/2018,Manhattan,Lasker,Night_Owl,1,2,3,10,24,34
8/22/2018,Manhattan,Lasker,Night_Owl,3,4,7,22,25,47
8/21/2018,Manhattan,Lasker,Night_Owl,5,2,7,20,20,40
8/20/2018,Manhattan,Lasker,Night_Owl,2,3,5,16,22,38
8/24/2018,Manhattan,John_Jay,Night_Owl,1,1,2,14,19,33
8/23/2018,Manhattan,John_Jay,Night_Owl,0,0,0,12,12,24
8/22/2018,Manhattan,John_Jay,Night_Owl,7,10,17,25,29,54
8/21/2018,Manhattan,John_Jay,Night_Owl,9,3,12,18,18,36
8/20/2018,Manhattan,John_Jay,Night_Owl,3,8,11,19,20,39
8/24/2018,Manhattan,Hamilton_Fish,Night_Owl,0,0,0,23,20,43
8/23/2018,Manhattan,Hamilton_Fish,Night_Owl,5,4,9,19,26,45
8/22/2018,Manhattan,Hamilton_Fish,Night_Owl,1,2,3,45,25,70
8/21/2018,Manhattan,Hamilton_Fish,Night_Owl,1,1,2,28,22,50
8/20/2018,Manhattan,Hamilton_Fish,Night_Owl,0,0,0,28,23,51
8/24/2018,Manhattan,Tony Dapolito,Night_Owl,1,0,1,9,7,16
8/23/2018,Manhattan,Tony Dapolito,Night_Owl,0,0,0,8,8,16
8/22/2018,Manhattan,Tony Dapolito,Night_Owl,2,1,3,7,9,16
8/21/2018,Manhattan,Tony Dapolito,Night_Owl,0,0,0,5,4,9
8/20/2018,Manhattan,Tony Dapolito,Night_Owl,0,2,2,9,7,16
8/24/2018,Manhattan,Asser Levy,Night_Owl,1,3,4,7,4,11
8/23/2018,Manhattan,Asser Levy,Night_Owl,1,1,2,10,8,18
8/22/2018,Manhattan,Asser Levy,Night_Owl,1,2,3,11,16,27
8/21/2018,Manhattan,Asser Levy,Night_Owl,1,0,1,9,11,20
8/20/2018,Manhattan,Asser Levy,Night_Owl,1,1,2,8,10,18
8/17/2018,Bronx,Crotona,Night_Owl,0,0,0,0,0,0
8/16/2018,Bronx,Crotona,Night_Owl,0,0,0,3,2,5
8/15/2018,Bronx,Crotona,Night_Owl,0,0,0,3,4,7
8/14/2018,Bronx,Crotona,Night_Owl,0,0,0,3,3,6
8/13/2018,Bronx,Crotona,Night_Owl,1,0,1,1,0,1
8/17/2018,Bronx,Van Cortlandt,Night_Owl,0,0,0,0,0,0
8/16/2018,Bronx,Van Cortlandt,Night_Owl,0,0,0,4,15,19
8/15/2018,Brooklyn,Van Cortlandt,Night_Owl,1,1,2,4,13,17
8/14/2018,Bronx,Van Cortlandt,Night_Owl,4,1,5,8,5,13
8/13/2018,Bronx,Van Cortlandt,Night_Owl,0,0,0,2,9,11
8/17/2018,Brooklyn,McCarren,Night_Owl,2,2,4,0,0,0
8/16/2018,Brooklyn,McCarren,Night_Owl,3,9,12,40,50,90
8/15/2018,Brooklyn,McCarren,Night_Owl,8,10,18,51,64,115
8/14/2018,Brooklyn,McCarren,Night_Owl,3,1,4,39,16,55
8/13/2018,Brooklyn,McCarren,Night_Owl,6,0,6,38,22,60
8/17/2018,Brooklyn,Sunset,Night_Owl,1,2,3,18,14,32
8/16/2018,Brooklyn,Sunset,Night_Owl,3,1,4,20,22,42
8/15/2018,Brooklyn,Sunset,Night_Owl,2,4,6,17,21,38
8/14/2018,Brooklyn,Sunset,Night_Owl,1,1,2,10,9,19
8/13/2018,Brooklyn,Sunset,Night_Owl,0,0,0,0,0,0
8/17/2018,Brooklyn,Red Hook,Night_Owl,2,4,6,12,9,21
8/16/2018,Brooklyn,Red Hook,Night_Owl,4,4,8,16,15,31
8/15/2018,Brooklyn,Red Hook,Night_Owl,5,2,7,22,14,36
8/14/2018,Brooklyn,Red Hook,Night_Owl,3,3,6,13,11,24
8/13/2018,Brooklyn,Red Hook,Night_Owl,4,1,5,14,5,19
8/17/2018,Staten Island,Lyons,Night_Owl,1,1,2,10,16,26
8/16/2018,Staten Island,Lyons,Night_Owl,0,1,1,8,14,22
8/15/2018,Staten Island,Lyons,Night_Owl,0,2,2,5,12,17
8/14/2018,Staten Island,Lyons,Night_Owl,0,0,0,4,4,8
8/13/2018,Staten Island,Lyons,Night_Owl,0,0,0,5,4,9
8/17/2018,Queens,Astoria,Night_Owl,1,1,2,12,13,25
8/16/2018,Queens,Astoria,Night_Owl,5,6,11,29,36,65
8/15/2018,Queens,Astoria,Night_Owl,5,6,11,34,42,76
8/14/2018,Queens,Astoria,Night_Owl,1,4,5,22,22,44
8/13/2018,Queens,Astoria,Night_Owl,2,2,4,30,19,49
8/17/2018,Manhattan,Marcus_Garvey,Night_Owl,0,0,0,0,0,0
8/16/2018,Manhattan,Marcus_Garvey,Night_Owl,0,1,1,10,13,23
8/15/2018,Manhattan,Marcus_Garvey,Night_Owl,0,2,2,4,9,13
8/14/2018,Manhattan,Marcus_Garvey,Night_Owl,0,0,0,5,7,12
8/13/2018,Manhattan,Marcus_Garvey,Night_Owl,0,0,0,4,6,10
8/17/2018,Manhattan,Lasker,Night_Owl,1,2,3,13,17,30
8/16/2018,Manhattan,Lasker,Night_Owl,4,9,13,39,25,64
8/15/2018,Manhattan,Lasker,Night_Owl,5,6,11,28,40,68
8/14/2018,Manhattan,Lasker,Night_Owl,0,2,2,16,24,40
8/13/2018,Manhattan,Lasker,Night_Owl,1,2,3,17,15,32
8/17/2018,Manhattan,John_Jay,Night_Owl,3,4,7,13,18,31
8/16/2018,Manhattan,John_Jay,Night_Owl,7,4,11,33,32,65
8/15/2018,Manhattan,John_Jay,Night_Owl,5,11,16,28,35,63
8/14/2018,Manhattan,John_Jay,Night_Owl,0,3,3,17,20,37
8/13/2018,Manhattan,John_Jay,Night_Owl,4,8,12,24,17,41
8/17/2018,Manhattan,Hamilton_Fish,Night_Owl,0,2,2,31,11,42
8/16/2018,Manhattan,Hamilton_Fish,Night_Owl,1,4,5,33,34,67
8/15/2018,Manhattan,Hamilton_Fish,Night_Owl,5,9,14,41,47,88
8/14/2018,Manhattan,Hamilton_Fish,Night_Owl,0,1,1,21,16,37
8/13/2018,Manhattan,Hamilton_Fish,Night_Owl,3,1,4,31,20,51
8/17/2018,Manhattan,Tony Dapolito,Night_Owl,3,2,5,8,12,20
8/16/2018,Manhattan,Tony Dapolito,Night_Owl,1,1,2,17,14,31
8/15/2018,Manhattan,Tony Dapolito,Night_Owl,1,0,1,10,12,22
8/14/2018,Manhattan,Tony Dapolito,Night_Owl,2,0,2,9,8,17
8/13/2018,Manhattan,Tony Dapolito,Night_Owl,0,0,0,5,5,10
8/17/2018,Manhattan,Asser Levy,Night_Owl,0,2,2,5,10,15
8/16/2018,Manhattan,Asser Levy,Night_Owl,3,2,5,10,11,21
8/15/2018,Manhattan,Asser Levy,Night_Owl,2,5,7,13,22,35
8/14/2018,Manhattan,Asser Levy,Night_Owl,3,1,4,8,6,14
8/13/2018,Manhattan,Asser Levy,Night_Owl,1,0,1,9,11,20
8/10/2018,Bronx,Crotona,Night_Owl,0,0,0,5,3,8
8/9/2018,Bronx,Crotona,Night_Owl,1,3,4,6,7,13
8/8/2018,Bronx,Crotona,Night_Owl,0,1,1,5,4,9
8/7/2018,Bronx,Crotona,Night_Owl,0,0,0,0,0,0
8/6/2018,Bronx,Crotona,Night_Owl,0,0,0,0,0,0
8/10/2018,Bronx,Van Cortlandt,Night_Owl,2,2,4,11,2,13
8/9/2018,Bronx,Van Cortlandt,Night_Owl,4,6,10,8,18,26
8/8/2018,Bronx,Van Cortlandt,Night_Owl,4,3,7,10,16,26
8/7/2018,Bronx,Van Cortlandt,Night_Owl,0,1,1,0,0,0
8/6/2018,Bronx,Van Cortlandt,Night_Owl,0,2,2,4,9,13
8/10/2018,Brooklyn,McCarren,Night_Owl,5,11,16,37,42,79
8/9/2018,Brooklyn,McCarren,Night_Owl,10,9,19,53,50,103
8/8/2018,Brooklyn,McCarren,Night_Owl,8,19,27,50,50,100
8/7/2018,Brooklyn,McCarren,Night_Owl,0,0,0,0,0,0
8/6/2018,Brooklyn,McCarren,Night_Owl,3,2,5,0,0,0
8/10/2018,Brooklyn,Sunset,Night_Owl,2,1,3,21,13,34
8/9/2018,Brooklyn,Sunset,Night_Owl,2,7,9,22,27,49
8/8/2018,Brooklyn,Sunset,Night_Owl,0,1,1,1,1,2
8/7/2018,Brooklyn,Sunset,Night_Owl,0,0,0,0,0,0
8/6/2018,Brooklyn,Sunset,Night_Owl,0,0,0,0,0,0
8/10/2018,Brooklyn,Red Hook,Night_Owl,2,2,4,15,10,25
8/8/2018,Brooklyn,Red Hook,Night_Owl,2,9,11,16,24,40
8/7/2018,Brooklyn,Red Hook,Night_Owl,0,0,0,0,0,0
8/6/2018,Brooklyn,Red Hook,Night_Owl,3,2,5,0,0,0
8/6/2018,Brooklyn,Red Hook,Night_Owl,3,2,5,0,0,0
8/10/2018,Staten Island,Lyons,Night_Owl,1,1,2,6,5,11
8/9/2018,Staten Island,Lyons,Night_Owl,1,4,5,10,17,27
8/10/2018,Queens,Astoria,Night_Owl,4,6,10,29,34,63
8/9/2018,Queens,Astoria,Night_Owl,10,14,24,47,41,88
8/10/2018,Manhattan,Marcus_Garvey,Night_Owl,0,1,1,3,6,9
8/9/2018,Manhattan,Marcus_Garvey,Night_Owl,2,3,5,10,14,24
8/10/2018,Manhattan,Lasker,Night_Owl,6,7,13,22,31,53
8/9/2018,Manhattan,Lasker,Night_Owl,6,5,11,28,32,60
8/8/2018,Staten Island,Lyons,Night_Owl,0,1,1,5,4,9
8/8/2018,Queens,Astoria,Night_Owl,12,19,31,49,44,93
8/8/2018,Manhattan,Marcus_Garvey,Night_Owl,6,5,11,15,14,29
8/8/2018,Manhattan,Lasker,Night_Owl,8,12,20,30,38,68
8/7/2018,Staten Island,Lyons,Night_Owl,0,0,0,0,0,0
9/6/2018,Staten Island,Lyons,Night_Owl,0,0,0,0,0,0
8/7/2018,Queens,Astoria,Night_Owl,0,0,0,0,0,0
8/7/2018,Manhattan,Marcus_Garvey,Night_Owl,0,0,0,0,0,0
8/7/2018,Manhattan,Lasker,Night_Owl,1,1,2,3,4,7
8/10/2018,Manhattan,John_Jay,Night_Owl,6,12,18,13,25,38
8/10/2018,Manhattan,Hamilton_Fish,Night_Owl,2,6,8,38,31,69
8/10/2018,Manhattan,Tony Dapolito,Night_Owl,3,1,4,9,12,21
8/10/2018,Manhattan,Asser Levy,Night_Owl,0,0,0,0,0,0
8/9/2018,Manhattan,John_Jay,Night_Owl,6,13,19,23,30,53
8/9/2018,Manhattan,Hamilton_Fish,Night_Owl,11,14,25,48,65,113
8/9/2018,Manhattan,Tony Dapolito,Night_Owl,2,3,5,12,16,28
8/9/2018,Manhattan,Asser Levy,Night_Owl,3,4,7,13,15,28
8/8/2018,Manhattan,John_Jay,Night_Owl,8,12,20,32,30,62
8/8/2018,Manhattan,Hamilton_Fish,Night_Owl,7,6,13,40,34,74
8/8/2018,Manhattan,Tony Dapolito,Night_Owl,2,6,8,10,16,26
8/8/2018,Manhattan,Asser Levy,Night_Owl,1,2,3,7,17,24
8/7/2018,Manhattan,John_Jay,Night_Owl,0,0,0,0,0,0
8/7/2018,Manhattan,Hamilton_Fish,Night_Owl,0,0,0,0,0,0
8/7/2018,Manhattan,Tony Dapolito,Night_Owl,0,0,0,0,0,0
8/7/2018,Manhattan,Asser Levy,Night_Owl,0,0,0,0,0,0
8/6/2018,Bronx,Crotona,Night_Owl,0,0,0,0,0,0
8/6/2018,Bronx,Van Cortlandt,Night_Owl,0,2,2,4,9,13
8/6/2018,Brooklyn,McCarren,Night_Owl,3,2,5,0,0,0
8/6/2018,Brooklyn,Sunset,Night_Owl,0,0,0,0,0,0
8/6/2018,Brooklyn,Red Hook,Night_Owl,3,2,5,0,0,0
8/6/2018,Staten Island,Lyons,Night_Owl,0,0,0,0,0,0
8/6/2018,Queens,Astoria,Night_Owl,1,0,1,0,0,0
8/6/2018,Manhattan,Marcus_Garvey,Night_Owl,0,0,0,0,0,0
8/6/2018,Manhattan,Lasker,Night_Owl,2,3,5,10,15,25
8/6/2018,Manhattan,John_Jay,Night_Owl,0,0,0,0,0,0
8/6/2018,Manhattan,Hamilton_Fish,Night_Owl,0,0,0,0,0,0
8/6/2018,Manhattan,Tony Dapolito,Night_Owl,0,0,0,0,0,0
8/6/2018,Manhattan,Asser Levy,Night_Owl,0,0,0,0,0,0
8/3/2018,Manhattan,Lasker,Night_Owl,2,9,11,20,29,49
8/29/2018,Bronx,Crotona,Early_Bird,0,0,0,2,2,4
8/28/2018,Bronx,Crotona,Early_Bird,0,0,0,2,2,4
8/27/2018,Bronx,Crotona,Early_Bird,1,0,1,2,2,4
8/29/2018,Bronx,Van Cortlandt,Early_Bird,1,1,2,16,15,31
8/28/2018,Bronx,Van Cortlandt,Early_Bird,0,1,1,12,13,25
8/27/2018,Bronx,Van Cortlandt,Early_Bird,0,0,0,15,12,27
8/29/2018,Brooklyn,McCarren,Early_Bird,3,9,12,61,69,130
8/28/2018,Brooklyn,McCarren,Early_Bird,2,4,6,74,89,163
8/27/2018,Brooklyn,McCarren,Early_Bird,5,2,7,56,45,101
8/29/2018,Manhattan,Sunset,Early_Bird,0,1,1,37,58,95
8/28/2018,Brooklyn,Sunset,Early_Bird,2,1,3,22,31,53
8/27/2018,Brooklyn,Sunset,Early_Bird,1,3,4,22,32,54
8/29/2018,Brooklyn,Red Hook,Early_Bird,3,3,6,24,36,60
8/28/2018,Brooklyn,Red Hook,Early_Bird,2,3,5,24,34,58
8/27/2018,Brooklyn,Red Hook,Early_Bird,1,0,1,19,34,53
8/29/2018,Staten Island,Lyons,Early_Bird,1,0,1,8,12,20
8/28/2018,Staten Island,Astoria,Early_Bird,0,0,0,7,11,18
8/27/2018,Staten Island,Lyons,Early_Bird,0,0,0,9,12,21
8/29/2018,Queens,Astoria,Early_Bird,1,0,1,43,59,102
8/28/2018,Queens,Astoria,Early_Bird,1,1,2,39,62,101
8/27/2018,Queens,Astoria,Early_Bird,2,1,3,34,40,74
8/29/2018,Manhattan,Jackie Robinson,Early_Bird,0,0,0,7,21,28
8/28/2018,Manhattan,Jackie Robinson,Early_Bird,0,1,1,8,20,28
8/27/2018,Manhattan,Jackie Robinson,Early_Bird,0,1,1,8,22,30
8/29/2018,Manhattan,Thomas Jefferson,Early_Bird,0,0,0,3,15,18
8/28/2018,Manhattan,Thomas Jefferson,Early_Bird,0,1,1,3,12,15
8/27/2018,Manhattan,Thomas Jefferson,Early_Bird,0,0,0,5,17,22
8/29/2018,Manhattan,Lasker,Early_Bird,3,8,11,31,58,89
8/28/2018,Manhattan,Lasker,Early_Bird,5,5,10,27,43,70
8/27/2018,Manhattan,Lasker,Early_Bird,2,1,3,27,33,60
8/29/2018,Manhattan,John_Jay,Early_Bird,2,1,3,42,50,92
8/28/2018,Manhattan,John_Jay,Early_Bird,1,1,2,34,44,78
8/27/2018,Manhattan,John_Jay,Early_Bird,0,3,3,24,26,50
8/29/2018,Manhattan,Hamilton_Fish,Early_Bird,3,2,5,55,66,121
8/28/2018,Manhattan,Hamilton_Fish,Early_Bird,2,4,6,61,54,115
8/27/2018,Manhattan,Hamilton_Fish,Early_Bird,0,1,1,47,42,89
8/29/2018,Manhattan,Tony Dapolito,Early_Bird,0,0,0,10,14,24
8/28/2018,Manhattan,Tony Dapolito,Early_Bird,0,0,0,13,14,27
8/27/2018,Manhattan,Tony Dapolito,Early_Bird,0,0,0,10,12,22
8/29/2018,Manhattan,Asser Levy,Early_Bird,0,0,0,18,31,49
8/28/2018,Manhattan,Asser Levy,Early_Bird,0,0,0,19,23,42
8/27/2018,Manhattan,Asser Levy,Early_Bird,3,0,3,16,28,44
8/24/2018,Bronx,Crotona,Early_Bird,0,0,0,1,1,2
8/23/2018,Bronx,Crotona,Early_Bird,0,0,0,2,2,4
8/22/2018,Bronx,Crotona,Early_Bird,0,0,0,2,2,4
8/21/2018,Bronx,Crotona,Early_Bird,0,0,0,2,2,4
8/20/2018,Bronx,Crotona,Early_Bird,0,0,0,3,3,6
8/24/2018,Bronx,Van Cortlandt,Early_Bird,1,0,1,10,11,21
8/23/2018,Bronx,Crotona,Early_Bird,0,0,0,8,6,14
8/22/2018,Bronx,Van Cortlandt,Early_Bird,0,0,0,14,7,21
8/21/2018,Bronx,Van Cortlandt,Early_Bird,1,0,1,17,13,30
8/20/2018,Bronx,Van Cortlandt,Early_Bird,0,1,1,12,11,23
8/24/2018,Brooklyn,McCarren,Early_Bird,1,3,4,50,47,97
8/23/2018,Brooklyn,McCarren,Early_Bird,0,4,4,49,42,91
8/22/2018,Brooklyn,McCarren,Early_Bird,0,5,5,45,47,92
8/21/2018,Brooklyn,McCarren,Early_Bird,3,3,6,53,59,112
8/20/2018,Brooklyn,McCarren,Early_Bird,3,1,4,45,36,81
8/24/2018,Brooklyn,Sunset,Early_Bird,1,1,2,16,26,42
8/23/2018,Brooklyn,Sunset,Early_Bird,0,1,1,14,22,36
8/22/2018,Brooklyn,Sunset,Early_Bird,1,0,1,19,18,37
8/21/2018,Brooklyn,Sunset,Early_Bird,1,0,1,17,22,39
8/20/2018,Brooklyn,Sunset,Early_Bird,1,3,4,16,22,38
8/24/2018,Brooklyn,Red Hook,Early_Bird,1,0,1,23,29,52
8/23/2018,Brooklyn,Red Hook,Early_Bird,1,0,1,26,13,39
8/22/2018,Brooklyn,Red Hook,Early_Bird,0,0,0,15,19,34
8/21/2018,Brooklyn,Red Hook,Early_Bird,1,0,1,25,13,38
8/20/2018,Brooklyn,Red Hook,Early_Bird,4,3,7,19,22,41
8/24/2018,Staten Island,Lyons,Early_Bird,0,0,0,5,0,5
8/23/2018,Staten Island,Lyons,Early_Bird,0,0,0,4,10,14
8/22/2018,Staten Island,Lyons,Early_Bird,0,1,1,5,9,14
8/21/2018,Staten Island,Lyons,Early_Bird,1,0,1,6,11,17
8/20/2018,Staten Island,Lyons,Early_Bird,1,0,1,9,11,20
8/24/2018,Queens,Astoria,Early_Bird,3,1,4,37,46,83
8/23/2018,Queens,Astoria,Early_Bird,0,2,2,37,27,64
8/22/2018,Queens,Astoria,Early_Bird,0,2,2,37,39,76
8/21/2018,Queens,Astoria,Early_Bird,1,1,2,31,35,66
8/20/2018,Queens,Astoria,Early_Bird,0,0,0,33,50,83
8/24/2018,Manhattan,Jackie Robinson,Early_Bird,0,0,0,5,17,22
8/23/2018,Manhattan,Jackie Robinson,Early_Bird,0,0,0,1,15,16
8/22/2018,Manhattan,Jackie Robinson,Early_Bird,1,0,1,7,18,25
8/21/2018,Manhattan,Jackie Robinson,Early_Bird,0,0,0,5,15,20
8/20/2018,Manhattan,Jackie Robinson,Early_Bird,1,3,4,3,23,26
8/24/2018,Manhattan,Thomas Jefferson,Early_Bird,0,0,0,3,10,13
8/23/2018,Manhattan,Thomas Jefferson,Early_Bird,1,0,1,3,7,10
8/22/2018,Manhattan,Thomas Jefferson,Early_Bird,1,0,1,4,7,11
8/21/2018,Manhattan,Thomas Jefferson,Early_Bird,0,0,0,6,11,17
8/20/2018,Manhattan,Thomas Jefferson,Early_Bird,1,0,1,5,8,13
8/24/2018,Manhattan,Lasker,Early_Bird,5,1,6,27,36,63
8/23/2018,Manhattan,Lasker,Early_Bird,1,1,2,24,27,51
8/22/2018,Manhattan,Lasker,Early_Bird,3,2,5,30,34,64
8/21/2018,Manhattan,Lasker,Early_Bird,5,3,8,31,35,66
8/20/2018,Manhattan,Lasker,Early_Bird,0,1,1,24,22,46
8/23/2018,Manhattan,John_Jay,Early_Bird,0,0,0,18,24,42
8/22/2018,Manhattan,John_Jay,Early_Bird,5,2,7,31,30,61
8/21/2018,Manhattan,John_Jay,Early_Bird,9,5,14,36,33,69
8/20/2018,Manhattan,John_Jay,Early_Bird,2,5,7,21,26,47
8/24/2018,Manhattan,Hamilton_Fish,Early_Bird,0,0,0,44,48,92
8/23/2018,Manhattan,Hamilton_Fish,Early_Bird,0,0,0,27,25,52
8/22/2018,Manhattan,Hamilton_Fish,Early_Bird,1,1,2,44,44,88
8/21/2018,Manhattan,Hamilton_Fish,Early_Bird,2,3,5,39,43,82
8/20/2018,Manhattan,Hamilton_Fish,Early_Bird,4,1,5,43,25,68
8/24/2018,Manhattan,Tony Dapolito,Early_Bird,0,0,0,12,26,38
8/23/2018,Manhattan,Tony Dapolito,Early_Bird,0,0,0,10,14,24
8/22/2018,Manhattan,Tony Dapolito,Early_Bird,1,0,1,5,7,12
8/21/2018,Manhattan,Tony Dapolito,Early_Bird,0,1,1,10,17,27
8/20/2018,Manhattan,Tony Dapolito,Early_Bird,0,0,0,6,15,21
8/24/2018,Manhattan,Asser Levy,Early_Bird,0,0,0,12,21,33
8/23/2018,Manhattan,Asser Levy,Early_Bird,1,0,1,18,19,37
8/22/2018,Manhattan,Asser Levy,Early_Bird,0,0,0,17,19,36
8/20/2018,Manhattan,Asser Levy,Early_Bird,1,1,2,18,24,42
8/20/2018,Manhattan,Asser Levy,Early_Bird,1,2,3,16,30,46
8/17/2018,Bronx,Crotona,Early_Bird,0,0,0,6,5,11
8/16/2018,Bronx,Crotona,Early_Bird,0,0,0,4,5,9
8/15/2018,Bronx,Crotona,Early_Bird,0,0,0,3,3,6
8/14/2018,Bronx,Crotona,Early_Bird,0,0,0,5,3,8
8/13/2018,Bronx,Crotona,Early_Bird,1,0,1,4,0,4
8/17/2018,Bronx,Van Cortlandt,Early_Bird,0,1,1,20,16,36
8/16/2018,Bronx,Van Cortlandt,Early_Bird,0,0,0,15,13,28
8/15/2018,Bronx,Van Cortlandt,Early_Bird,0,0,0,15,21,36
8/14/2018,Bronx,Van Cortlandt,Early_Bird,4,0,4,14,13,27
8/13/2018,Bronx,Van Cortlandt,Early_Bird,1,0,1,9,6,15
8/17/2018,Brooklyn,McCarren,Early_Bird,5,5,10,70,63,133
8/16/2018,Brooklyn,McCarren,Early_Bird,8,3,11,69,84,153
8/15/2018,Brooklyn,McCarren,Early_Bird,4,11,15,56,71,127
8/14/2018,Brooklyn,McCarren,Early_Bird,4,4,8,54,59,113
8/13/2018,Brooklyn,McCarren,Early_Bird,1,4,5,37,43,80
8/17/2018,Brooklyn,Sunset,Early_Bird,1,0,1,22,33,55
8/16/2018,Brooklyn,Sunset,Early_Bird,2,2,4,22,28,50
8/15/2018,Brooklyn,Sunset,Early_Bird,1,8,9,23,36,59
8/14/2018,Brooklyn,Sunset,Early_Bird,0,1,1,23,23,46
8/13/2018,Brooklyn,Sunset,Early_Bird,0,2,2,23,25,48
8/17/2018,Brooklyn,Red Hook,Early_Bird,2,2,4,16,27,43
8/16/2018,Brooklyn,Red Hook,Early_Bird,1,3,4,22,36,58
8/15/2018,Brooklyn,Red Hook,Early_Bird,1,2,3,18,23,41
8/14/2018,Brooklyn,Red Hook,Early_Bird,2,0,2,21,19,40
8/13/2018,Brooklyn,Red Hook,Early_Bird,0,0,0,16,14,30
8/17/2018,Staten Island,Lyons,Early_Bird,0,1,1,6,11,17
8/16/2018,Staten Island,Lyons,Early_Bird,0,0,0,6,11,17
8/15/2018,Staten Island,Lyons,Early_Bird,0,1,1,6,10,16
8/14/2018,Staten Island,Lyons,Early_Bird,0,0,0,7,13,20
8/13/2018,Staten Island,Lyons,Early_Bird,1,0,1,9,12,21
8/17/2018,Queens,Astoria,Early_Bird,0,1,1,44,65,109
8/16/2018,Queens,Astoria,Early_Bird,2,1,3,39,54,93
8/15/2018,Queens,Astoria,Early_Bird,0,2,2,38,64,102
8/14/2018,Queens,Astoria,Early_Bird,3,5,8,36,46,82
8/13/2018,Queens,Astoria,Early_Bird,0,0,0,24,27,51
8/17/2018,Manhattan,Jackie Robinson,Early_Bird,0,1,1,12,22,34
8/16/2018,Manhattan,Jackie Robinson,Early_Bird,2,1,3,16,30,46
8/15/2018,Manhattan,Jackie Robinson,Early_Bird,2,0,2,14,30,44
8/14/2018,Manhattan,Jackie Robinson,Early_Bird,2,1,3,11,25,36
8/13/2018,Manhattan,Jackie Robinson,Early_Bird,2,4,6,6,31,37
8/17/2018,Manhattan,Thomas Jefferson,Early_Bird,1,1,2,5,13,18
8/16/2018,Manhattan,Thomas Jefferson,Early_Bird,0,0,0,5,10,15
8/15/2018,Manhattan,Thomas Jefferson,Early_Bird,0,0,0,6,11,17
8/14/2018,Manhattan,Thomas Jefferson,Early_Bird,0,0,0,5,9,14
8/13/2018,Manhattan,Thomas Jefferson,Early_Bird,1,1,2,3,12,15
8/17/2018,Manhattan,Lasker,Early_Bird,1,6,7,38,47,85
8/16/2018,Manhattan,Lasker,Early_Bird,1,0,1,25,38,63
8/15/2018,Manhattan,Lasker,Early_Bird,5,6,11,44,43,87
8/14/2018,Manhattan,Lasker,Early_Bird,1,1,2,27,33,60
8/13/2018,Manhattan,Lasker,Early_Bird,2,0,2,21,32,53
8/17/2018,Manhattan,John_Jay,Early_Bird,7,4,11,35,38,73
8/16/2018,Manhattan,John_Jay,Early_Bird,7,8,15,30,36,66
8/15/2018,Manhattan,John_Jay,Early_Bird,1,5,6,28,43,71
8/14/2018,Manhattan,John_Jay,Early_Bird,3,4,7,27,32,59
8/13/2018,Manhattan,John_Jay,Early_Bird,1,4,5,21,34,55
8/17/2018,Manhattan,Hamilton_Fish,Early_Bird,2,8,10,63,73,136
8/16/2018,Manhattan,Hamilton_Fish,Early_Bird,2,1,3,52,56,108
8/15/2018,Manhattan,Hamilton_Fish,Early_Bird,3,4,7,56,61,117
8/14/2018,Manhattan,Hamilton_Fish,Early_Bird,2,3,5,43,54,97
8/13/2018,Manhattan,Hamilton_Fish,Early_Bird,1,0,1,31,27,58
8/17/2018,Manhattan,Tony Dapolito,Early_Bird,2,2,4,10,19,29
8/16/2018,Manhattan,Tony Dapolito,Early_Bird,0,1,1,7,17,24
8/15/2018,Manhattan,Tony Dapolito,Early_Bird,1,0,1,10,17,27
8/14/2018,Manhattan,Tony Dapolito,Early_Bird,0,0,0,13,18,31
8/13/2018,Manhattan,Tony Dapolito,Early_Bird,2,1,3,9,13,22
8/17/2018,Manhattan,Asser Levy,Early_Bird,0,0,0,16,29,45
8/16/2018,Manhattan,Asser Levy,Early_Bird,0,1,1,15,26,41
8/15/2018,Manhattan,Asser Levy,Early_Bird,0,1,1,13,26,39
8/14/2018,Manhattan,Asser Levy,Early_Bird,0,1,1,13,22,35
8/13/2018,Manhattan,Asser Levy,Early_Bird,0,1,1,10,23,33
8/10/2018,Bronx,Crotona,Early_Bird,1,0,1,5,0,5
8/9/2018,Bronx,Crotona,Early_Bird,0,0,0,4,3,7
8/8/2018,Bronx,Crotona,Early_Bird,0,0,0,6,3,9
8/10/2018,Bronx,Van Cortlandt,Early_Bird,0,3,3,18,22,40
8/9/2018,Bronx,Van Cortlandt,Early_Bird,0,2,2,13,15,28
8/8/2018,Bronx,Van Cortlandt,Early_Bird,1,2,3,17,18,35
8/10/2018,Brooklyn,Sunset,Early_Bird,0,0,0,23,33,56
8/9/2018,Brooklyn,Sunset,Early_Bird,2,2,4,27,32,59
8/8/2018,Brooklyn,Sunset,Early_Bird,1,4,5,28,37,65
8/10/2018,Brooklyn,McCarren,Early_Bird,3,9,12,61,70,131
8/9/2018,Brooklyn,McCarren,Early_Bird,7,10,17,71,70,141
8/8/2018,Brooklyn,McCarren,Early_Bird,10,13,23,93,79,172
8/10/2018,Brooklyn,Red Hook,Early_Bird,4,3,7,24,37,61
8/9/2018,Brooklyn,Red Hook,Early_Bird,2,4,6,26,34,60
8/8/2018,Brooklyn,Red Hook,Early_Bird,2,9,11,26,30,56
8/10/2018,Staten Island,Lyons,Early_Bird,0,1,1,10,13,23
8/9/2018,Staten Island,Lyons,Early_Bird,1,2,3,8,15,23
8/8/2018,Staten Island,Lyons,Early_Bird,0,1,1,8,13,21
8/10/2018,Queens,Astoria,Early_Bird,2,1,3,49,53,102
8/9/2018,Queens,Astoria,Early_Bird,4,2,6,46,49,95
8/8/2018,Queens,Astoria,Early_Bird,4,5,9,58,101,159
8/10/2018,Manhattan,Jackie Robinson,Early_Bird,1,5,6,12,31,43
8/9/2018,Manhattan,Jackie Robinson,Early_Bird,1,1,2,11,27,38
8/8/2018,Manhattan,Jackie Robinson,Early_Bird,2,2,4,14,26,40
8/10/2018,Manhattan,Thomas Jefferson,Early_Bird,1,0,1,4,10,14
8/9/2018,Manhattan,Thomas Jefferson,Early_Bird,1,1,2,6,14,20
8/8/2018,Manhattan,Thomas Jefferson,Early_Bird,0,10,10,3,15,18
8/10/2018,Manhattan,Lasker,Early_Bird,3,7,10,45,54,99
8/9/2018,Manhattan,Lasker,Early_Bird,3,3,6,36,36,72
8/8/2018,Manhattan,Lasker,Early_Bird,8,2,10,38,49,87
8/10/2018,Manhattan,John_Jay,Early_Bird,7,16,23,37,54,91
8/9/2018,Manhattan,John_Jay,Early_Bird,7,8,15,28,50,78
8/8/2018,Manhattan,John_Jay,Early_Bird,3,7,10,42,57,99
8/10/2018,Manhattan,Hamilton_Fish,Early_Bird,4,4,8,75,53,128
8/9/2018,Manhattan,Hamilton_Fish,Early_Bird,4,6,10,60,58,118
8/8/2018,Manhattan,Hamilton_Fish,Early_Bird,4,3,7,80,53,133
8/10/2018,Manhattan,Tony Dapolito,Early_Bird,1,1,2,12,15,27
8/9/2018,Manhattan,Tony Dapolito,Early_Bird,0,3,3,14,20,34
8/8/2018,Manhattan,Tony Dapolito,Early_Bird,2,1,3,12,17,29
8/10/2018,Manhattan,Asser Levy,Early_Bird,1,1,2,14,23,37
8/9/2018,Manhattan,Asser Levy,Early_Bird,2,4,6,23,29,52
8/8/2018,Manhattan,Asser Levy,Early_Bird,1,1,2,20,33,53
8/7/2018,Bronx,Crotona,Early_Bird,0,1,1,3,4,7
8/7/2018,Bronx,Van Cortlandt,Early_Bird,1,2,3,19,20,39
8/7/2018,Brooklyn,McCarren,Early_Bird,14,12,26,85,82,167
8/7/2018,Brooklyn,Sunset,Early_Bird,0,0,0,28,36,64
8/7/2018,Brooklyn,Red Hook,Early_Bird,3,4,7,25,33,58
8/7/2018,Staten Island,Lyons,Early_Bird,0,1,1,7,17,24
8/7/2018,Queens,Astoria,Early_Bird,3,5,8,52,64,116
8/7/2018,Manhattan,Jackie Robinson,Early_Bird,2,3,5,8,30,38
8/7/2018,Manhattan,Thomas Jefferson,Early_Bird,1,0,1,7,15,22
8/7/2018,Manhattan,Lasker,Early_Bird,4,8,12,38,55,93
8/7/2018,Manhattan,John_Jay,Early_Bird,1,6,7,24,41,65
8/7/2018,Manhattan,Hamilton_Fish,Early_Bird,2,2,4,87,55,142
8/7/2018,Manhattan,Tony Dapolito,Early_Bird,0,5,5,13,22,35
8/7/2018,Manhattan,Asser Levy,Early_Bird,3,4,7,21,35,56
8/6/2018,Bronx,Crotona,Early_Bird,0,0,0,2,3,5
8/6/2018,Bronx,Van Cortlandt,Early_Bird,2,1,3,19,18,37
8/6/2018,Brooklyn,McCarren,Early_Bird,7,14,21,72,61,133
8/6/2018,Brooklyn,Sunset,Early_Bird,1,4,5,26,38,64
8/6/2018,Brooklyn,Red Hook,Early_Bird,3,6,9,26,37,63
8/6/2018,Staten Island,Lyons,Early_Bird,0,1,1,6,12,18
8/6/2018,Queens,Astoria,Early_Bird,3,6,9,48,55,103
8/6/2018,Manhattan,Jackie Robinson,Early_Bird,0,3,3,9,32,41
8/6/2018,Manhattan,Thomas Jefferson,Early_Bird,0,0,0,5,15,20
8/6/2018,Manhattan,Lasker,Early_Bird,5,2,7,33,47,80
8/6/2018,Manhattan,John_Jay,Early_Bird,5,3,8,34,42,76
8/6/2018,Manhattan,Hamilton_Fish,Early_Bird,4,7,11,68,54,122
8/6/2018,Manhattan,Tony Dapolito,Early_Bird,1,0,1,13,14,27
8/6/2018,Manhattan,Asser Levy,Early_Bird,0,2,2,21,41,62
8/3/2018,Bronx,Crotona,Early_Bird,0,0,0,3,3,6
8/3/2018,Bronx,Van Cortlandt,Early_Bird,0,2,2,14,18,32
8/3/2018,Brooklyn,McCarren,Early_Bird,5,2,7,57,43,100
8/3/2018,Brooklyn,Sunset,Early_Bird,0,2,2,27,31,58
8/3/2018,Brooklyn,Red Hook,Early_Bird,2,4,6,22,31,53
8/3/2018,Staten Island,Lyons,Early_Bird,0,0,0,10,11,21
8/3/2018,Queens,Astoria,Early_Bird,4,4,8,53,54,107
8/3/2018,Manhattan,Jackie Robinson,Early_Bird,0,3,3,7,29,36
8/3/2018,Manhattan,Thomas Jefferson,Early_Bird,2,1,3,9,15,24
8/3/2018,Manhattan,Lasker,Early_Bird,2,5,7,38,43,81
8/3/2018,Manhattan,John_Jay,Early_Bird,8,9,17,32,34,66
8/3/2018,Manhattan,Hamilton_Fish,Early_Bird,2,2,4,57,60,117
8/3/2018,Manhattan,Tony Dapolito,Early_Bird,1,1,2,13,21,34
8/3/2018,Manhattan,Asser Levy,Early_Bird,0,1,1,20,20,40
8/2/2018,Bronx,Crotona,Early_Bird,1,0,1,5,3,8
8/2/2018,Bronx,Van Cortlandt,Early_Bird,0,1,1,13,18,31
8/2/2018,Brooklyn,McCarren,Early_Bird,5,5,10,72,72,144
8/2/2018,Brooklyn,Sunset,Early_Bird,0,0,0,30,29,59
8/2/2018,Brooklyn,Red Hook,Early_Bird,1,4,5,18,36,54
8/2/2018,Staten Island,Lyons,Early_Bird,3,0,3,10,6,16
8/2/2018,Queens,Astoria,Early_Bird,0,4,4,42,51,93
8/2/2018,Manhattan,Jackie Robinson,Early_Bird,2,3,5,11,28,39
8/2/2018,Manhattan,Thomas Jefferson,Early_Bird,0,2,2,4,13,17
8/2/2018,Manhattan,Lasker,Early_Bird,5,2,7,33,47,80
8/2/2018,Manhattan,John_Jay,Early_Bird,7,5,12,34,37,71
8/2/2018,Manhattan,Hamilton_Fish,Early_Bird,1,6,7,71,57,128
8/2/2018,Manhattan,Tony Dapolito,Early_Bird,0,0,0,14,19,33
8/2/2018,Manhattan,Asser Levy,Early_Bird,0,1,1,21,27,48
8/1/2018,Bronx,Crotona,Early_Bird,0,0,0,1,3,4
8/1/2018,Bronx,Van Cortlandt,Early_Bird,0,0,0,8,5,13
8/1/2018,Brooklyn,McCarren,Early_Bird,2,2,4,34,28,62
8/1/2018,Brooklyn,Sunset,Early_Bird,0,0,0,30,29,59
8/1/2018,Brooklyn,Red Hook,Early_Bird,1,2,3,15,6,21
8/1/2018,Staten Island,Lyons,Early_Bird,0,0,0,8,3,11
8/1/2018,Queens,Astoria,Early_Bird,1,1,2,21,28,49
8/1/2018,Manhattan,Jackie Robinson,Early_Bird,0,0,0,4,16,20
8/1/2018,Manhattan,Thomas Jefferson,Early_Bird,0,0,0,6,3,9
8/1/2018,Manhattan,Lasker,Early_Bird,5,5,10,34,40,74
8/1/2018,Manhattan,John_Jay,Early_Bird,2,2,4,16,19,35
8/1/2018,Manhattan,Hamilton_Fish,Early_Bird,2,2,4,30,22,52
8/1/2018,Manhattan,Tony Dapolito,Early_Bird,0,0,0,9,8,17
8/1/2018,Manhattan,Asser Levy,Early_Bird,0,2,2,13,14,27
7/31/2018,Bronx,Crotona,Early_Bird,0,0,0,5,5,10
7/31/2018,Bronx,Van Cortlandt,Early_Bird,0,1,1,19,13,32
7/31/2018,Brooklyn,McCarren,Early_Bird,8,5,13,74,61,135
7/31/2018,Brooklyn,Sunset,Early_Bird,1,2,3,28,30,58
7/31/2018,Brooklyn,Red Hook,Early_Bird,3,4,7,23,33,56
7/31/2018,Staten Island,Lyons,Early_Bird,0,1,1,9,8,17
7/31/2018,Queens,Astoria,Early_Bird,2,3,5,48,48,96
7/31/2018,Manhattan,Jackie Robinson,Early_Bird,3,2,5,9,23,32
7/31/2018,Manhattan,Thomas Jefferson,Early_Bird,0,1,1,9,12,21
8/3/2018,Bronx,Crotona,Night_Owl,1,0,1,5,2,7
8/2/2018,Bronx,Crotona,Night_Owl,0,0,0,4,1,5
8/1/2018,Bronx,Crotona,Night_Owl,0,0,0,5,1,6
7/31/2018,Bronx,Crotona,Night_Owl,1,0,1,4,2,6
7/31/2018,Bronx,Crotona,Night_Owl,1,1,2,5,3,8
8/3/2018,Bronx,Van Cortlandt,Night_Owl,2,3,5,14,6,20
8/2/2018,Bronx,Van Cortlandt,Night_Owl,1,0,1,12,12,24
8/1/2018,Bronx,Van Cortlandt,Night_Owl,0,4,4,14,19,33
7/31/2018,Bronx,Van Cortlandt,Night_Owl,0,2,2,9,17,26
7/31/2018,Bronx,Van Cortlandt,Night_Owl,1,1,2,6,8,14
7/31/2018,Manhattan,Lasker,Early_Bird,5,5,10,34,40,74
8/3/2018,Brooklyn,McCarren,Night_Owl,6,8,14,36,39,75
7/31/2018,Manhattan,John_Jay,Early_Bird,1,3,4,32,29,61
8/2/2018,Brooklyn,McCarren,Night_Owl,2,16,18,40,56,96
8/1/2018,Brooklyn,McCarren,Night_Owl,15,16,31,55,65,120
7/31/3018,Manhattan,Hamilton_Fish,Early_Bird,6,4,10,76,55,131
7/31/2018,Brooklyn,McCarren,Night_Owl,0,2,2,51,49,100
7/30/2018,Brooklyn,McCarren,Night_Owl,7,9,16,38,58,96
7/31/2018,Manhattan,Tony Dapolito,Early_Bird,0,1,1,12,17,29
8/3/2018,Brooklyn,Sunset,Night_Owl,4,4,8,23,17,40
8/2/2018,Brooklyn,Sunset,Night_Owl,2,4,6,23,26,49
7/31/2018,Manhattan,Asser Levy,Early_Bird,0,2,2,20,29,49
8/1/2018,Brooklyn,Sunset,Night_Owl,3,8,11,22,31,53
7/31/2018,Brooklyn,Sunset,Night_Owl,3,6,9,29,29,58
7/30/2018,Brooklyn,Sunset,Night_Owl,3,2,5,27,16,43
7/30/2018,Bronx,Crotona,Early_Bird,0,0,0,2,3,5
8/3/2018,Brooklyn,Red Hook,Night_Owl,4,1,5,13,18,31
8/2/2018,Brooklyn,Red Hook,Night_Owl,2,5,7,24,21,45
8/1/2018,Brooklyn,Red Hook,Night_Owl,3,1,4,11,19,30
7/31/2018,Brooklyn,Red Hook,Night_Owl,3,2,5,18,13,31
7/30/2018,Bronx,Van Cortlandt,Early_Bird,2,1,3,20,17,37
7/30/2018,Brooklyn,Red Hook,Night_Owl,4,3,7,24,12,36
8/3/2018,Staten Island,Lyons,Night_Owl,0,1,1,9,10,19
8/2/2018,Staten Island,Lyons,Night_Owl,2,0,2,7,8,15
8/1/2018,Staten Island,Lyons,Night_Owl,1,0,1,7,10,17
7/30/2018,Brooklyn,McCarren,Early_Bird,8,7,15,58,50,108
7/31/2018,Staten Island,Lyons,Night_Owl,1,1,2,5,14,19
7/30/2018,Staten Island,Lyons,Night_Owl,2,0,2,6,9,15
7/30/2018,Brooklyn,Red Hook,Early_Bird,0,2,2,29,34,63
7/30/2018,Brooklyn,Red Hook,Early_Bird,3,3,6,25,31,56
8/3/2018,Queens,Astoria,Night_Owl,2,5,7,39,33,72
7/30/2018,Staten Island,Lyons,Early_Bird,1,1,2,9,13,22
8/2/2018,Queens,Astoria,Night_Owl,5,9,14,35,47,82
8/1/2018,Queens,Astoria,Night_Owl,6,10,16,47,53,100
7/30/2018,Queens,Astoria,Early_Bird,2,2,4,50,51,101
7/30/2018,Manhattan,Jackie Robinson,Early_Bird,2,1,3,9,25,34
7/31/2018,Queens,Astoria,Night_Owl,8,18,26,49,61,110
7/30/2018,Queens,Astoria,Night_Owl,5,2,7,38,28,66
7/30/2018,Manhattan,Thomas Jefferson,Early_Bird,1,1,2,7,13,20
8/3/2018,Manhattan,Marcus_Garvey,Night_Owl,1,1,2,6,6,12
8/2/2018,Manhattan,Marcus_Garvey,Night_Owl,1,1,2,6,9,15
8/1/2018,Manhattan,Marcus_Garvey,Night_Owl,3,4,7,11,10,21
7/30/2018,Manhattan,Lasker,Early_Bird,3,6,9,39,45,84
7/31/2018,Manhattan,Marcus_Garvey,Night_Owl,2,0,2,10,12,22
7/30/2018,Manhattan,Marcus_Garvey,Night_Owl,0,1,1,8,3,11
8/2/2018,Manhattan,Lasker,Night_Owl,8,6,14,20,29,49
7/30/2018,Manhattan,John_Jay,Early_Bird,2,2,4,37,37,74
7/30/2018,Manhattan,Hamilton_Fish,Early_Bird,9,7,16,55,49,104
8/1/2018,Manhattan,Lasker,Night_Owl,5,12,17,24,42,66
7/30/2018,Manhattan,Tony Dapolito,Early_Bird,2,0,2,16,14,30
7/31/2018,Manhattan,Lasker,Night_Owl,9,15,24,26,41,67
7/30/2018,Manhattan,Lasker,Night_Owl,1,5,6,17,20,37
8/3/2018,Manhattan,John_Jay,Night_Owl,5,4,9,25,23,48
8/2/2018,Manhattan,John_Jay,Night_Owl,5,6,11,21,23,44
8/1/2018,Manhattan,John_Jay,Night_Owl,5,10,15,23,29,52
7/30/2018,Manhattan,Asser Levy,Early_Bird,3,0,3,19,30,49
7/31/2018,Manhattan,John_Jay,Night_Owl,5,10,15,35,37,72
7/30/2018,Manhattan,John_Jay,Night_Owl,6,8,14,30,13,43
8/3/2018,Manhattan,Hamilton_Fish,Night_Owl,4,8,12,44,31,75
8/2/2018,Manhattan,Hamilton_Fish,Night_Owl,2,10,12,45,41,86
8/1/2018,Manhattan,Hamilton_Fish,Night_Owl,3,5,8,50,31,81
7/27/2018,Bronx,Crotona,Early_Bird,0,0,0,3,7,10
7/31/2018,Manhattan,Hamilton_Fish,Night_Owl,1,3,4,46,44,90
7/30/2018,Manhattan,Hamilton_Fish,Night_Owl,8,3,11,53,36,89
7/27/2018,Bronx,Van Cortlandt,Early_Bird,1,2,3,19,17,36
8/3/2018,Manhattan,Tony Dapolito,Night_Owl,1,4,5,13,15,28
8/2/2018,Manhattan,Tony Dapolito,Night_Owl,1,2,3,3,13,16
8/1/2018,Manhattan,Tony Dapolito,Night_Owl,0,2,2,12,9,21
7/31/2018,Manhattan,Tony Dapolito,Night_Owl,2,2,4,15,14,29
7/30/2018,Manhattan,Tony Dapolito,Night_Owl,3,4,7,6,9,15
7/27/2018,Brooklyn,Sunset,Early_Bird,3,5,8,34,35,69
8/3/2018,Manhattan,Asser Levy,Night_Owl,2,3,5,14,11,25
8/2/2018,Manhattan,Asser Levy,Night_Owl,4,2,6,15,17,32
8/1/2018,Manhattan,Asser Levy,Night_Owl,0,1,1,27,21,48
7/31/2018,Manhattan,Asser Levy,Night_Owl,3,7,10,14,21,35
7/30/2018,Manhattan,Asser Levy,Night_Owl,0,1,1,6,14,20
7/27/2018,Brooklyn,Red Hook,Early_Bird,1,3,4,35,57,92
7/27/2018,Staten Island,Lyons,Early_Bird,0,0,0,6,9,15
7/27/2018,Bronx,Crotona,Night_Owl,0,0,0,0,0,0
7/27/2018,Bronx,Van Cortlandt,Night_Owl,0,0,0,0,0,0
7/27/2018,Brooklyn,McCarren,Night_Owl,0,1,1,0,0,0
7/27/2018,Queens,Astoria,Early_Bird,2,5,7,52,51,103
7/27/2018,Brooklyn,Sunset,Night_Owl,0,0,0,0,0,0
7/27/2018,Brooklyn,Red Hook,Night_Owl,0,0,0,0,0,0
7/27/2018,Staten Island,Lyons,Night_Owl,0,0,0,0,0,0
7/27/2018,Queens,Astoria,Night_Owl,0,1,1,0,0,0
7/27/2018,Manhattan,Marcus_Garvey,Night_Owl,0,0,0,0,0,0
7/27/2018,Manhattan,Lasker,Night_Owl,0,0,0,0,0,0
7/27/2018,Manhattan,John_Jay,Night_Owl,0,0,0,0,0,0
7/27/2018,Manhattan,Hamilton_Fish,Night_Owl,0,0,0,0,0,0
7/26/2018,Bronx,Crotona,Early_Bird,2,0,2,5,2,7
7/27/2018,Manhattan,Tony Dapolito,Night_Owl,0,0,0,0,0,0
7/27/2018,Manhattan,Asser Levy,Night_Owl,0,0,0,0,0,0
7/26/2018,Bronx,Van Cortlandt,Early_Bird,2,2,4,21,19,40
7/26/2018,Bronx,Crotona,Night_Owl,0,0,0,7,2,9
7/26/2018,Bronx,Van Cortlandt,Night_Owl,2,1,3,8,18,26
7/26/2018,Brooklyn,McCarren,Early_Bird,2,4,6,50,42,92
7/26/2018,Brooklyn,McCarren,Night_Owl,13,15,28,51,76,127
7/26/2018,Brooklyn,Sunset,Night_Owl,5,7,12,25,24,49
7/26/2018,Brooklyn,Red Hook,Night_Owl,2,4,6,19,13,32
7/26/2018,Staten Island,Lyons,Night_Owl,3,0,3,8,12,20
7/26/2018,Queens,Astoria,Night_Owl,7,6,13,36,42,78
7/27/2018,Brooklyn,McCarren,Early_Bird,6,6,12,73,72,145
7/26/2018,Manhattan,Marcus_Garvey,Night_Owl,6,6,12,16,16,32
7/26/2018,Brooklyn,Sunset,Early_Bird,1,1,2,31,27,58
7/26/2018,Manhattan,Lasker,Night_Owl,9,11,20,33,39,72
7/26/2018,Manhattan,John_Jay,Night_Owl,5,14,19,19,33,52
7/26/2018,Manhattan,Hamilton_Fish,Night_Owl,5,8,13,54,39,93
7/26/2018,Brooklyn,Red Hook,Early_Bird,1,3,4,31,30,61
7/26/2018,Manhattan,Tony Dapolito,Night_Owl,4,1,5,18,17,35
7/26/2018,Manhattan,Asser Levy,Night_Owl,3,3,6,11,14,25
7/26/2018,Staten Island,Lyons,Early_Bird,0,0,0,9,13,22
7/26/2018,Queens,Astoria,Early_Bird,0,0,0,46,44,90
7/25/2018,Manhattan,Jackie Robinson,Early_Bird,0,0,0,0,5,5
7/25/2018,Bronx,Crotona,Night_Owl,0,0,0,1,1,2
7/25/2018,Bronx,Van Cortlandt,Night_Owl,0,0,0,6,4,10
7/26/2018,Manhattan,Jackie Robinson,Early_Bird,1,3,4,6,26,32
7/25/2018,Manhattan,Marcus_Garvey,Night_Owl,0,0,0,6,3,9
7/25/2018,Brooklyn,McCarren,Night_Owl,3,1,4,18,10,28
7/25/2018,Brooklyn,Sunset,Night_Owl,0,0,0,12,10,22
7/25/2018,Brooklyn,Red Hook,Night_Owl,2,1,3,12,6,18
7/26/2018,Manhattan,Thomas Jefferson,Early_Bird,2,0,2,10,13,23
7/25/2018,Staten Island,Lyons,Night_Owl,0,1,1,2,6,8
7/25/2018,Queens,Astoria,Night_Owl,1,0,1,18,20,38
7/25/2018,Bronx,Crotona,Early_Bird,0,0,0,2,3,5
7/25/2018,Manhattan,Lasker,Night_Owl,2,2,4,20,8,28
7/25/2018,Manhattan,John_Jay,Night_Owl,2,2,4,16,11,27
7/25/2018,Bronx,Van Cortlandt,Early_Bird,0,0,0,5,1,6
7/25/2018,Manhattan,Hamilton_Fish,Night_Owl,3,2,5,31,20,51
7/25/2018,Brooklyn,McCarren,Early_Bird,0,1,1,15,18,33
7/25/2018,Manhattan,Tony Dapolito,Night_Owl,1,0,1,4,5,9
7/25/2018,Brooklyn,Sunset,Early_Bird,0,0,0,0,0,0
7/25/2018,Manhattan,Asser Levy,Night_Owl,0,2,2,89,9,98
7/25/2018,Brooklyn,Red Hook,Early_Bird,1,0,1,7,2,9
7/25/2018,Staten Island,Lyons,Early_Bird,0,0,0,5,5,10
7/25/2018,Queens,Astoria,Early_Bird,1,2,3,21,18,39
7/27/2018,Manhattan,Thomas Jefferson,Early_Bird,0,0,0,6,16,22
7/27/2018,Manhattan,Lasker,Early_Bird,4,4,8,38,157,195
7/25/2018,Manhattan,Thomas Jefferson,Early_Bird,0,1,1,2,8,10
7/27/2018,Manhattan,Jackie Robinson,Early_Bird,1,2,3,13,31,44
7/6/2018,Manhattan,Jackie Robinson,Early_Bird,3,11,14,6,22,28
7/5/2018,Manhattan,Jackie Robinson,Early_Bird,10,29,39,10,29,39
7/26/2018,Manhattan,Lasker,Early_Bird,6,5,11,33,44,77
7/25/2018,Manhattan,Lasker,Early_Bird,0,0,0,11,19,30
7/24/2018,Manhattan,Lasker,Early_Bird,3,5,8,25,41,66
7/23/2018,Manhattan,Lasker,Early_Bird,1,0,1,14,18,32
7/20/2018,Manhattan,Lasker,Early_Bird,3,12,15,47,44,91
7/19/2018,Manhattan,Lasker,Early_Bird,7,6,13,36,44,80
7/18/2018,Manhattan,Lasker,Early_Bird,6,8,14,38,52,90
7/17/2018,Manhattan,Lasker,Early_Bird,2,3,5,31,41,72
7/16/2018,Manhattan,Lasker,Early_Bird,10,10,20,43,52,95
7/13/2018,Manhattan,Lasker,Early_Bird,6,10,16,42,49,91
7/12/2018,Manhattan,Lasker,Early_Bird,3,7,10,24,33,57
7/11/2018,Manhattan,Lasker,Early_Bird,21,15,36,46,45,91
7/10/2018,Manhattan,Lasker,Early_Bird,15,28,43,36,50,86
7/9/2018,Manhattan,Lasker,Early_Bird,13,19,32,33,43,76
7/6/2018,Manhattan,Lasker,Early_Bird,8,4,12,16,14,30
7/5/2018,Manhattan,Lasker,Early_Bird,30,47,77,30,47,77
7/5/2018,Manhattan,Hamilton_Fish,Night_Owl,52,47,99,52,47,99
7/6/2018,Manhattan,Hamilton_Fish,Night_Owl,16,12,28,41,24,65
7/9/2018,Manhattan,Hamilton_Fish,Night_Owl,27,39,66,62,64,126
7/10/2018,Manhattan,Hamilton_Fish,Night_Owl,24,20,44,57,50,107
7/11/2018,Manhattan,Hamilton_Fish,Night_Owl,17,21,38,55,48,103
7/12/2018,Manhattan,Hamilton_Fish,Night_Owl,13,13,26,53,38,91
7/13/2018,Manhattan,Hamilton_Fish,Night_Owl,7,16,23,74,60,134
7/16/2018,Manhattan,Hamilton_Fish,Night_Owl,23,14,37,74,60,134
7/17/2018,Manhattan,Hamilton_Fish,Night_Owl,0,4,4,20,15,35
7/18/2018,Manhattan,Hamilton_Fish,Night_Owl,6,7,13,57,44,101
7/19/2018,Manhattan,Hamilton_Fish,Night_Owl,8,7,15,46,39,85
7/20/2018,Manhattan,Hamilton_Fish,Night_Owl,8,9,17,43,32,75
7/23/2018,Manhattan,Hamilton_Fish,Night_Owl,11,5,16,56,41,97
7/24/2018,Manhattan,Hamilton_Fish,Night_Owl,7,1,8,56,35,91
7/25/2018,Manhattan,Hamilton_Fish,Night_Owl,3,2,5,31,20,51
7/5/2018,Manhattan,Asser Levy,Night_Owl,7,6,13,12,11,23
7/6/2018,Manhattan,Asser Levy,Night_Owl,7,6,13,12,11,23
7/9/2018,Manhattan,Asser Levy,Night_Owl,17,13,30,23,20,43
7/10/2018,Manhattan,Asser Levy,Night_Owl,7,16,23,19,28,47
7/11/2018,Manhattan,Asser Levy,Night_Owl,4,9,13,16,20,36
7/12/2018,Manhattan,Asser Levy,Night_Owl,1,3,4,9,19,28
7/13/2018,Manhattan,Asser Levy,Night_Owl,3,4,7,10,14,24
7/16/2018,Manhattan,Asser Levy,Night_Owl,3,9,12,14,26,40
7/17/2018,Manhattan,Asser Levy,Night_Owl,2,1,3,7,8,15
7/18/2018,Manhattan,Asser Levy,Night_Owl,3,5,8,11,22,33
7/19/2018,Manhattan,Asser Levy,Night_Owl,1,2,3,7,15,22
7/20/2018,Manhattan,Asser Levy,Night_Owl,3,6,9,12,17,29
7/23/2018,Manhattan,Asser Levy,Night_Owl,4,3,7,11,15,26
7/24/2018,Manhattan,Asser Levy,Night_Owl,1,2,3,14,16,30
7/25/2018,Manhattan,Asser Levy,Night_Owl,0,2,2,89,9,98
7/26/2018,Manhattan,John_Jay,Early_Bird,4,2,6,35,34,69
7/25/2018,Manhattan,John_Jay,Early_Bird,0,1,1,7,16,23
7/24/2018,Manhattan,John_Jay,Early_Bird,2,1,3,32,31,63
7/23/2018,Manhattan,John_Jay,Early_Bird,0,0,0,15,22,37
7/20/2018,Manhattan,John_Jay,Early_Bird,13,28,41,37,51,88
7/19/2018,Manhattan,John_Jay,Early_Bird,2,4,6,32,43,75
7/18/2018,Manhattan,John_Jay,Early_Bird,8,4,12,37,47,84
7/17/2018,Manhattan,John_Jay,Early_Bird,2,6,8,24,34,58
7/16/2018,Manhattan,John_Jay,Early_Bird,8,13,21,33,56,89
7/26/2018,Manhattan,Hamilton_Fish,Early_Bird,1,1,2,53,42,95
7/25/2018,Manhattan,Hamilton_Fish,Early_Bird,1,1,2,22,12,34
7/24/2018,Manhattan,Hamilton_Fish,Early_Bird,3,1,4,57,39,96
7/23/2018,Manhattan,Hamilton_Fish,Early_Bird,1,0,1,15,14,29
7/20/2018,Manhattan,Hamilton_Fish,Early_Bird,8,10,18,70,74,144
7/19/2018,Manhattan,Hamilton_Fish,Early_Bird,5,5,10,66,49,115
7/18/2018,Manhattan,Hamilton_Fish,Early_Bird,8,8,16,74,63,137
7/17/2018,Manhattan,Hamilton_Fish,Early_Bird,11,9,20,74,64,138
7/16/2018,Manhattan,Hamilton_Fish,Early_Bird,12,11,23,74,58,132
7/13/2018,Manhattan,Hamilton_Fish,Early_Bird,4,8,12,68,64,132
7/12/2018,Manhattan,Hamilton_Fish,Early_Bird,7,6,13,63,44,107
7/11/2018,Manhattan,Hamilton_Fish,Early_Bird,11,17,28,74,57,131
7/10/2018,Manhattan,Hamilton_Fish,Early_Bird,27,9,36,77,39,116
7/26/2018,Manhattan,Tony Dapolito,Early_Bird,0,1,1,10,20,30
7/25/2018,Manhattan,Tony Dapolito,Early_Bird,1,0,1,7,5,12
7/24/2018,Manhattan,Tony Dapolito,Early_Bird,1,0,1,14,16,30
7/23/2018,Manhattan,Tony Dapolito,Early_Bird,0,0,0,5,7,12
7/20/2018,Manhattan,Tony Dapolito,Early_Bird,1,1,2,13,18,31
7/19/2018,Manhattan,Tony Dapolito,Early_Bird,2,2,4,14,21,35
7/18/2018,Manhattan,Tony Dapolito,Early_Bird,1,1,2,14,15,29
7/17/2018,Manhattan,Tony Dapolito,Early_Bird,3,6,9,13,19,32
7/16/2018,Manhattan,Tony Dapolito,Early_Bird,3,5,8,14,17,31
7/26/2018,Manhattan,Asser Levy,Early_Bird,0,0,0,21,20,41
7/25/2018,Manhattan,Asser Levy,Early_Bird,1,0,1,7,5,12
7/24/2018,Manhattan,Asser Levy,Early_Bird,0,0,0,20,18,38
7/23/2018,Manhattan,Asser Levy,Early_Bird,1,0,1,15,14,29
7/20/2018,Manhattan,Asser Levy,Early_Bird,4,1,5,23,29,52
7/19/2018,Manhattan,Asser Levy,Early_Bird,3,6,9,25,26,51
7/18/2018,Manhattan,Asser Levy,Early_Bird,3,1,4,22,24,46
7/17/2018,Manhattan,Asser Levy,Early_Bird,4,5,9,19,30,49
7/16/2018,Manhattan,Asser Levy,Early_Bird,2,4,6,21,33,54
7/13/2018,Manhattan,John_Jay,Early_Bird,8,15,23,30,46,76
7/12/2018,Manhattan,John_Jay,Early_Bird,3,6,9,22,38,60
7/11/2018,Manhattan,John_Jay,Early_Bird,11,13,24,42,46,88
7/10/2018,Manhattan,John_Jay,Early_Bird,34,33,67,30,38,68
7/9/2018,Manhattan,John_Jay,Early_Bird,20,20,40,36,38,74
7/6/2018,Manhattan,John_Jay,Early_Bird,23,34,57,30,49,79
7/5/2018,Manhattan,John_Jay,Early_Bird,35,40,75,14,16,30
7/9/2018,Manhattan,Hamilton_Fish,Early_Bird,4,8,12,68,64,132
7/6/2018,Manhattan,Hamilton_Fish,Early_Bird,7,3,10,15,39,54
7/5/2018,Manhattan,Hamilton_Fish,Early_Bird,57,46,103,57,46,103
7/13/2018,Manhattan,Tony Dapolito,Early_Bird,1,4,5,14,19,33
7/12/2018,Manhattan,Tony Dapolito,Early_Bird,6,5,11,11,18,29
7/11/2018,Manhattan,Tony Dapolito,Early_Bird,7,5,12,21,17,38
7/10/2018,Manhattan,Tony Dapolito,Early_Bird,8,7,15,15,18,33
7/9/2018,Manhattan,Tony Dapolito,Early_Bird,7,5,12,17,17,34
7/6/2018,Manhattan,Tony Dapolito,Early_Bird,1,3,4,6,10,16
7/5/2018,Manhattan,Tony Dapolito,Early_Bird,9,15,24,9,15,24
7/13/2018,Manhattan,Asser Levy,Early_Bird,4,3,7,15,27,42
7/12/2018,Manhattan,Asser Levy,Early_Bird,1,3,4,15,31,46
7/11/2018,Manhattan,Asser Levy,Early_Bird,9,9,18,23,30,53
7/10/2018,Manhattan,Asser Levy,Early_Bird,5,9,14,20,24,44
7/9/2018,Manhattan,Asser Levy,Early_Bird,9,12,21,19,30,49
7/6/2018,Manhattan,Asser Levy,Early_Bird,7,5,12,10,10,20
7/5/2018,Manhattan,Asser Levy,Early_Bird,13,25,38,13,25,38
